"iteration","cell_type","subcluster","module","module_size","gene","module_membership","percentile"
"T7","Oligodendrocytes","0","yellow",406,"EIF1",0.921,100
"T7","Oligodendrocytes","0","yellow",406,"QDPR",0.912,100
"T7","Oligodendrocytes","0","yellow",406,"GABARAPL2",0.881,100
"T7","Oligodendrocytes","0","yellow",406,"SELENOP",0.88,100
"T7","Oligodendrocytes","0","yellow",406,"CALM1",0.876,100
"T7","Oligodendrocytes","0","yellow",406,"SPP1",0.873,99
"T7","Oligodendrocytes","0","yellow",406,"TMSB4X",0.87,99
"T7","Oligodendrocytes","0","yellow",406,"ERMN",0.869,99
"T7","Oligodendrocytes","0","yellow",406,"EID1",0.864,99
"T7","Oligodendrocytes","0","yellow",406,"NKX6-2",0.847,98
"T7","Oligodendrocytes","0","yellow",406,"RPL13",0.846,98
"T7","Oligodendrocytes","0","yellow",406,"RPL15",0.846,98
"T7","Oligodendrocytes","0","yellow",406,"HNRNPDL",0.841,98
"T7","Oligodendrocytes","0","yellow",406,"DYNLL1",0.838,97
"T7","Oligodendrocytes","0","yellow",406,"GPM6B",0.834,97
"T7","Oligodendrocytes","0","yellow",406,"PEBP1",0.827,97
"T7","Oligodendrocytes","0","yellow",406,"RTN3",0.818,97
"T7","Oligodendrocytes","0","yellow",406,"ATP1B1",0.817,96
"T7","Oligodendrocytes","0","yellow",406,"SOD1",0.815,96
"T7","Oligodendrocytes","0","yellow",406,"ARGLU1",0.809,96
"T7","Oligodendrocytes","0","yellow",406,"SARAF",0.807,96
"T7","Oligodendrocytes","0","yellow",406,"ITM2B",0.806,95
"T7","Oligodendrocytes","0","yellow",406,"SELENOW",0.802,95
"T7","Oligodendrocytes","0","yellow",406,"HINT1",0.799,95
"T7","Oligodendrocytes","0","yellow",406,"ANKUB1",0.795,95
"T7","Oligodendrocytes","0","yellow",406,"PLPP2",0.794,94
"T7","Oligodendrocytes","0","yellow",406,"RPL7",0.792,94
"T7","Oligodendrocytes","0","yellow",406,"PCDH9-AS2",0.792,94
"T7","Oligodendrocytes","0","yellow",406,"DBI",0.789,94
"T7","Oligodendrocytes","0","yellow",406,"ZNF565",0.788,93
"T7","Oligodendrocytes","0","yellow",406,"SON",0.787,93
"T7","Oligodendrocytes","0","yellow",406,"TPT1",0.785,93
"T7","Oligodendrocytes","0","yellow",406,"ARPC5",0.785,93
"T7","Oligodendrocytes","0","yellow",406,"PGRMC1",0.783,92
"T7","Oligodendrocytes","0","yellow",406,"HSP90AB1",0.781,92
"T7","Oligodendrocytes","0","yellow",406,"RPL5",0.781,92
"T7","Oligodendrocytes","0","yellow",406,"MRPS26",0.778,92
"T7","Oligodendrocytes","0","yellow",406,"PGP",0.774,91
"T7","Oligodendrocytes","0","yellow",406,"HEPN1",0.774,91
"T7","Oligodendrocytes","0","yellow",406,"STMN1",0.764,91
"T7","Oligodendrocytes","0","yellow",406,"SRP14",0.759,91
"T7","Oligodendrocytes","0","yellow",406,"ZNF302",0.758,90
"T7","Oligodendrocytes","0","yellow",406,"CDKN1C",0.749,90
"T7","Oligodendrocytes","0","yellow",406,"PLP1",0.748,90
"T7","Oligodendrocytes","0","yellow",406,"LAMP1",0.745,90
"T7","Oligodendrocytes","0","yellow",406,"PIGC",0.743,89
"T7","Oligodendrocytes","0","yellow",406,"EEF2",0.743,89
"T7","Oligodendrocytes","0","yellow",406,"CTSL",0.742,89
"T7","Oligodendrocytes","0","yellow",406,"ELMO1-AS1",0.742,89
"T7","Oligodendrocytes","0","yellow",406,"YBX1",0.74,88
"T7","Oligodendrocytes","0","yellow",406,"HTRA1",0.733,88
"T7","Oligodendrocytes","0","yellow",406,"KTN1",0.732,88
"T7","Oligodendrocytes","0","yellow",406,"BEX4",0.73,88
"T7","Oligodendrocytes","0","yellow",406,"TMEM98",0.729,87
"T7","Oligodendrocytes","0","yellow",406,"CCT3",0.724,87
"T7","Oligodendrocytes","0","yellow",406,"RAB14",0.724,87
"T7","Oligodendrocytes","0","yellow",406,"PIM3",0.722,87
"T7","Oligodendrocytes","0","yellow",406,"RTN4",0.721,86
"T7","Oligodendrocytes","0","yellow",406,"AP002370.2",0.715,86
"T7","Oligodendrocytes","0","yellow",406,"SET",0.712,85
"T7","Oligodendrocytes","0","yellow",406,"ATF4",0.712,86
"T7","Oligodendrocytes","0","yellow",406,"PARK7",0.712,86
"T7","Oligodendrocytes","0","yellow",406,"MAP7",0.709,85
"T7","Oligodendrocytes","0","yellow",406,"B2M",0.708,85
"T7","Oligodendrocytes","0","yellow",406,"CCT5",0.707,84
"T7","Oligodendrocytes","0","yellow",406,"REEP5",0.707,85
"T7","Oligodendrocytes","0","yellow",406,"PSAP",0.705,84
"T7","Oligodendrocytes","0","yellow",406,"SLC22A17",0.705,84
"T7","Oligodendrocytes","0","yellow",406,"MRFAP1",0.699,84
"T7","Oligodendrocytes","0","yellow",406,"APLP2",0.697,83
"T7","Oligodendrocytes","0","yellow",406,"TMBIM6",0.693,83
"T7","Oligodendrocytes","0","yellow",406,"SYPL1",0.693,83
"T7","Oligodendrocytes","0","yellow",406,"YWHAE",0.69,82
"T7","Oligodendrocytes","0","yellow",406,"NACA",0.69,83
"T7","Oligodendrocytes","0","yellow",406,"PDXDC1",0.689,82
"T7","Oligodendrocytes","0","yellow",406,"BOK",0.687,82
"T7","Oligodendrocytes","0","yellow",406,"AL139294.1",0.683,82
"T7","Oligodendrocytes","0","yellow",406,"THSD4-AS1",0.68,81
"T7","Oligodendrocytes","0","yellow",406,"SERBP1",0.679,81
"T7","Oligodendrocytes","0","yellow",406,"CSRP1",0.672,81
"T7","Oligodendrocytes","0","yellow",406,"EIF1B",0.669,80
"T7","Oligodendrocytes","0","yellow",406,"KNOP1",0.669,81
"T7","Oligodendrocytes","0","yellow",406,"DEGS1",0.668,80
"T7","Oligodendrocytes","0","yellow",406,"AP003086.2",0.667,80
"T7","Oligodendrocytes","0","yellow",406,"SKP1",0.665,80
"T7","Oligodendrocytes","0","yellow",406,"EMC7",0.665,80
"T7","Oligodendrocytes","0","yellow",406,"SERINC3",0.663,79
"T7","Oligodendrocytes","0","yellow",406,"SBDS",0.663,79
"T7","Oligodendrocytes","0","yellow",406,"TTC1",0.66,79
"T7","Oligodendrocytes","0","yellow",406,"DNAJA1",0.657,79
"T7","Oligodendrocytes","0","yellow",406,"UGT8",0.656,78
"T7","Oligodendrocytes","0","yellow",406,"PPIA",0.655,78
"T7","Oligodendrocytes","0","yellow",406,"THBS2",0.653,78
"T7","Oligodendrocytes","0","yellow",406,"PRPF4B",0.651,78
"T7","Oligodendrocytes","0","yellow",406,"SNX3",0.649,77
"T7","Oligodendrocytes","0","yellow",406,"SS18L2",0.648,77
"T7","Oligodendrocytes","0","yellow",406,"LRRTM3",0.643,77
"T7","Oligodendrocytes","0","yellow",406,"CHCHD2",0.642,77
"T7","Oligodendrocytes","0","yellow",406,"DDR1",0.636,76
"T7","Oligodendrocytes","0","yellow",406,"CCDC144NL-AS1",0.635,76
"T7","Oligodendrocytes","0","yellow",406,"TCEAL3",0.635,76
"T7","Oligodendrocytes","0","yellow",406,"DICER1",0.635,76
"T7","Oligodendrocytes","0","yellow",406,"MTDH",0.634,75
"T7","Oligodendrocytes","0","yellow",406,"TMEM59",0.633,75
"T7","Oligodendrocytes","0","yellow",406,"SLC5A11",0.633,75
"T7","Oligodendrocytes","0","yellow",406,"KDSR",0.631,75
"T7","Oligodendrocytes","0","yellow",406,"PEA15",0.63,74
"T7","Oligodendrocytes","0","yellow",406,"NOL7",0.629,74
"T7","Oligodendrocytes","0","yellow",406,"RPN1",0.629,74
"T7","Oligodendrocytes","0","yellow",406,"INPP1",0.628,73
"T7","Oligodendrocytes","0","yellow",406,"OTUD6B-AS1",0.628,73
"T7","Oligodendrocytes","0","yellow",406,"FAM196A",0.628,74
"T7","Oligodendrocytes","0","yellow",406,"PCA3",0.624,73
"T7","Oligodendrocytes","0","yellow",406,"PLEKHB1",0.623,73
"T7","Oligodendrocytes","0","yellow",406,"SLC2A1",0.62,72
"T7","Oligodendrocytes","0","yellow",406,"PRMT2",0.62,72
"T7","Oligodendrocytes","0","yellow",406,"CHMP5",0.616,72
"T7","Oligodendrocytes","0","yellow",406,"AC009554.1",0.615,71
"T7","Oligodendrocytes","0","yellow",406,"GTF2A2",0.615,72
"T7","Oligodendrocytes","0","yellow",406,"NUP210L",0.614,71
"T7","Oligodendrocytes","0","yellow",406,"ST13",0.612,71
"T7","Oligodendrocytes","0","yellow",406,"TOMM20",0.61,71
"T7","Oligodendrocytes","0","yellow",406,"RETREG2",0.608,70
"T7","Oligodendrocytes","0","yellow",406,"RHOA",0.607,70
"T7","Oligodendrocytes","0","yellow",406,"RAB11A",0.606,70
"T7","Oligodendrocytes","0","yellow",406,"DDX5",0.604,69
"T7","Oligodendrocytes","0","yellow",406,"NARS",0.604,70
"T7","Oligodendrocytes","0","yellow",406,"PCYOX1",0.603,69
"T7","Oligodendrocytes","0","yellow",406,"PSMD7",0.601,68
"T7","Oligodendrocytes","0","yellow",406,"MORF4L1",0.601,69
"T7","Oligodendrocytes","0","yellow",406,"RNF13",0.601,69
"T7","Oligodendrocytes","0","yellow",406,"ISCU",0.6,68
"T7","Oligodendrocytes","0","yellow",406,"RSRC2",0.6,68
"T7","Oligodendrocytes","0","yellow",406,"VDAC2",0.597,67
"T7","Oligodendrocytes","0","yellow",406,"LAMTOR5",0.597,68
"T7","Oligodendrocytes","0","yellow",406,"CISD2",0.596,67
"T7","Oligodendrocytes","0","yellow",406,"ERH",0.593,67
"T7","Oligodendrocytes","0","yellow",406,"LANCL1-AS1",0.593,67
"T7","Oligodendrocytes","0","yellow",406,"SQSTM1",0.588,66
"T7","Oligodendrocytes","0","yellow",406,"PCDH9-AS4",0.588,66
"T7","Oligodendrocytes","0","yellow",406,"CYSTM1",0.586,66
"T7","Oligodendrocytes","0","yellow",406,"LINC00844",0.586,66
"T7","Oligodendrocytes","0","yellow",406,"ZBTB20-AS5",0.585,65
"T7","Oligodendrocytes","0","yellow",406,"APOO",0.581,65
"T7","Oligodendrocytes","0","yellow",406,"ATP6V0E1",0.578,65
"T7","Oligodendrocytes","0","yellow",406,"SFT2D1",0.577,64
"T7","Oligodendrocytes","0","yellow",406,"APOD",0.577,65
"T7","Oligodendrocytes","0","yellow",406,"CMPK1",0.576,64
"T7","Oligodendrocytes","0","yellow",406,"GNAI1",0.576,64
"T7","Oligodendrocytes","0","yellow",406,"BHLHE41",0.575,64
"T7","Oligodendrocytes","0","yellow",406,"AC108449.1",0.57,63
"T7","Oligodendrocytes","0","yellow",406,"PPM1G",0.57,63
"T7","Oligodendrocytes","0","yellow",406,"SF3B2",0.568,63
"T7","Oligodendrocytes","0","yellow",406,"AARS",0.567,63
"T7","Oligodendrocytes","0","yellow",406,"ARPP19",0.563,62
"T7","Oligodendrocytes","0","yellow",406,"AL358216.1",0.562,62
"T7","Oligodendrocytes","0","yellow",406,"ATP6AP2",0.561,62
"T7","Oligodendrocytes","0","yellow",406,"VBP1",0.561,62
"T7","Oligodendrocytes","0","yellow",406,"NCL",0.56,61
"T7","Oligodendrocytes","0","yellow",406,"SQLE",0.56,61
"T7","Oligodendrocytes","0","yellow",406,"RMC1",0.559,61
"T7","Oligodendrocytes","0","yellow",406,"KEAP1",0.558,60
"T7","Oligodendrocytes","0","yellow",406,"PIGT",0.558,61
"T7","Oligodendrocytes","0","yellow",406,"SNHG7",0.557,60
"T7","Oligodendrocytes","0","yellow",406,"CERS2",0.556,60
"T7","Oligodendrocytes","0","yellow",406,"GLUL",0.554,60
"T7","Oligodendrocytes","0","yellow",406,"FKBP4",0.553,60
"T7","Oligodendrocytes","0","yellow",406,"SCD",0.547,59
"T7","Oligodendrocytes","0","yellow",406,"MITD1",0.546,59
"T7","Oligodendrocytes","0","yellow",406,"ETFRF1",0.545,59
"T7","Oligodendrocytes","0","yellow",406,"ANXA5",0.545,59
"T7","Oligodendrocytes","0","yellow",406,"PSMD2",0.542,58
"T7","Oligodendrocytes","0","yellow",406,"FASN",0.541,58
"T7","Oligodendrocytes","0","yellow",406,"VPS29",0.538,58
"T7","Oligodendrocytes","0","yellow",406,"ISCA1",0.534,58
"T7","Oligodendrocytes","0","yellow",406,"CFL2",0.533,57
"T7","Oligodendrocytes","0","yellow",406,"CNDP2",0.531,57
"T7","Oligodendrocytes","0","yellow",406,"IFNGR1",0.53,56
"T7","Oligodendrocytes","0","yellow",406,"UQCRB",0.53,57
"T7","Oligodendrocytes","0","yellow",406,"PLA2G16",0.53,57
"T7","Oligodendrocytes","0","yellow",406,"XRRA1",0.527,56
"T7","Oligodendrocytes","0","yellow",406,"COX7A2L",0.526,56
"T7","Oligodendrocytes","0","yellow",406,"PRKAR1A",0.523,56
"T7","Oligodendrocytes","0","yellow",406,"EIF4H",0.522,55
"T7","Oligodendrocytes","0","yellow",406,"GGCX",0.522,55
"T7","Oligodendrocytes","0","yellow",406,"RASSF2",0.52,55
"T7","Oligodendrocytes","0","yellow",406,"SRSF5",0.519,55
"T7","Oligodendrocytes","0","yellow",406,"PAIP2",0.517,54
"T7","Oligodendrocytes","0","yellow",406,"GPR37",0.517,54
"T7","Oligodendrocytes","0","yellow",406,"SLC39A6",0.516,54
"T7","Oligodendrocytes","0","yellow",406,"SEMA6A-AS1",0.515,54
"T7","Oligodendrocytes","0","yellow",406,"PDCD7",0.511,53
"T7","Oligodendrocytes","0","yellow",406,"APP",0.511,53
"T7","Oligodendrocytes","0","yellow",406,"TCEAL7",0.511,53
"T7","Oligodendrocytes","0","yellow",406,"TMEM126B",0.511,53
"T7","Oligodendrocytes","0","yellow",406,"MPC1",0.509,52
"T7","Oligodendrocytes","0","yellow",406,"TRIM8",0.504,52
"T7","Oligodendrocytes","0","yellow",406,"IFIT3",0.503,52
"T7","Oligodendrocytes","0","yellow",406,"CRLF3",0.501,52
"T7","Oligodendrocytes","0","yellow",406,"RTRAF",0.499,51
"T7","Oligodendrocytes","0","yellow",406,"EIF4A2",0.495,51
"T7","Oligodendrocytes","0","yellow",406,"TGOLN2",0.493,51
"T7","Oligodendrocytes","0","yellow",406,"SMC3",0.49,51
"T7","Oligodendrocytes","0","yellow",406,"WDR12",0.484,50
"T7","Oligodendrocytes","0","yellow",406,"RSRP1",0.483,50
"T7","Oligodendrocytes","0","yellow",406,"PMP2",0.483,50
"T7","Oligodendrocytes","0","yellow",406,"CCDC66",0.483,50
"T7","Oligodendrocytes","0","yellow",406,"FAM19A5",0.482,49
"T7","Oligodendrocytes","0","yellow",406,"SERP1",0.48,49
"T7","Oligodendrocytes","0","yellow",406,"SAR1B",0.479,49
"T7","Oligodendrocytes","0","yellow",406,"ENPP4",0.473,49
"T7","Oligodendrocytes","0","yellow",406,"SELENOT",0.471,48
"T7","Oligodendrocytes","0","yellow",406,"C1orf43",0.468,48
"T7","Oligodendrocytes","0","yellow",406,"HIVEP3",0.467,48
"T7","Oligodendrocytes","0","yellow",406,"XRCC6",0.466,48
"T7","Oligodendrocytes","0","yellow",406,"AMBRA1",0.462,47
"T7","Oligodendrocytes","0","yellow",406,"ARL6IP5",0.461,47
"T7","Oligodendrocytes","0","yellow",406,"MRPS11",0.46,47
"T7","Oligodendrocytes","0","yellow",406,"POLR1D",0.46,47
"T7","Oligodendrocytes","0","yellow",406,"PXK",0.457,46
"T7","Oligodendrocytes","0","yellow",406,"ENO4",0.453,46
"T7","Oligodendrocytes","0","yellow",406,"PSMD4",0.452,46
"T7","Oligodendrocytes","0","yellow",406,"SH3BGRL",0.451,46
"T7","Oligodendrocytes","0","yellow",406,"MIGA1",0.449,45
"T7","Oligodendrocytes","0","yellow",406,"SEC61A1",0.448,45
"T7","Oligodendrocytes","0","yellow",406,"ZC3H15",0.448,45
"T7","Oligodendrocytes","0","yellow",406,"SRSF3",0.447,45
"T7","Oligodendrocytes","0","yellow",406,"MPHOSPH10",0.443,44
"T7","Oligodendrocytes","0","yellow",406,"C12orf76",0.442,44
"T7","Oligodendrocytes","0","yellow",406,"CD9",0.442,44
"T7","Oligodendrocytes","0","yellow",406,"RPS3A",0.441,43
"T7","Oligodendrocytes","0","yellow",406,"CNDP1",0.441,44
"T7","Oligodendrocytes","0","yellow",406,"HSD11B1",0.44,43
"T7","Oligodendrocytes","0","yellow",406,"METTL21A",0.44,43
"T7","Oligodendrocytes","0","yellow",406,"ZNF862",0.438,42
"T7","Oligodendrocytes","0","yellow",406,"SSB",0.438,43
"T7","Oligodendrocytes","0","yellow",406,"GSPT1",0.437,42
"T7","Oligodendrocytes","0","yellow",406,"NUTM2B-AS1",0.436,42
"T7","Oligodendrocytes","0","yellow",406,"FNTA",0.436,42
"T7","Oligodendrocytes","0","yellow",406,"TMEM50A",0.435,41
"T7","Oligodendrocytes","0","yellow",406,"CDKN1B",0.432,41
"T7","Oligodendrocytes","0","yellow",406,"MSMO1",0.432,41
"T7","Oligodendrocytes","0","yellow",406,"TMEM30A",0.431,41
"T7","Oligodendrocytes","0","yellow",406,"RPL7L1",0.429,40
"T7","Oligodendrocytes","0","yellow",406,"CWC15",0.427,40
"T7","Oligodendrocytes","0","yellow",406,"RNF111",0.426,40
"T7","Oligodendrocytes","0","yellow",406,"TROVE2",0.425,40
"T7","Oligodendrocytes","0","yellow",406,"UNC50",0.424,40
"T7","Oligodendrocytes","0","yellow",406,"AC018647.1",0.423,39
"T7","Oligodendrocytes","0","yellow",406,"PCBP1",0.423,39
"T7","Oligodendrocytes","0","yellow",406,"FAM222A-AS1",0.419,39
"T7","Oligodendrocytes","0","yellow",406,"SLC35A5",0.419,39
"T7","Oligodendrocytes","0","yellow",406,"POLD3",0.417,38
"T7","Oligodendrocytes","0","yellow",406,"LUC7L3",0.416,38
"T7","Oligodendrocytes","0","yellow",406,"VXN",0.413,38
"T7","Oligodendrocytes","0","yellow",406,"OCIAD1",0.412,38
"T7","Oligodendrocytes","0","yellow",406,"UBXN4",0.411,37
"T7","Oligodendrocytes","0","yellow",406,"RASA1",0.409,37
"T7","Oligodendrocytes","0","yellow",406,"CDV3",0.408,37
"T7","Oligodendrocytes","0","yellow",406,"AC001226.2",0.408,37
"T7","Oligodendrocytes","0","yellow",406,"MLEC",0.405,36
"T7","Oligodendrocytes","0","yellow",406,"MAP1LC3B",0.405,36
"T7","Oligodendrocytes","0","yellow",406,"DDX46",0.404,36
"T7","Oligodendrocytes","0","yellow",406,"CEP57",0.404,36
"T7","Oligodendrocytes","0","yellow",406,"BCAP29",0.402,35
"T7","Oligodendrocytes","0","yellow",406,"SURF4",0.397,35
"T7","Oligodendrocytes","0","yellow",406,"CFAP97",0.396,35
"T7","Oligodendrocytes","0","yellow",406,"WRB",0.395,35
"T7","Oligodendrocytes","0","yellow",406,"EIF3B",0.393,34
"T7","Oligodendrocytes","0","yellow",406,"TM9SF3",0.392,34
"T7","Oligodendrocytes","0","yellow",406,"PSIP1",0.39,34
"T7","Oligodendrocytes","0","yellow",406,"FEZ2",0.389,33
"T7","Oligodendrocytes","0","yellow",406,"PTRH2",0.389,34
"T7","Oligodendrocytes","0","yellow",406,"SMARCA5",0.388,33
"T7","Oligodendrocytes","0","yellow",406,"LAP3",0.388,33
"T7","Oligodendrocytes","0","yellow",406,"CCNDBP1",0.387,33
"T7","Oligodendrocytes","0","yellow",406,"RAB4A",0.386,32
"T7","Oligodendrocytes","0","yellow",406,"PSMA3",0.383,32
"T7","Oligodendrocytes","0","yellow",406,"COPB2",0.38,32
"T7","Oligodendrocytes","0","yellow",406,"IDI1",0.378,32
"T7","Oligodendrocytes","0","yellow",406,"ALAD",0.377,31
"T7","Oligodendrocytes","0","yellow",406,"MFF",0.375,31
"T7","Oligodendrocytes","0","yellow",406,"DNAJC3",0.371,31
"T7","Oligodendrocytes","0","yellow",406,"CREBZF",0.371,31
"T7","Oligodendrocytes","0","yellow",406,"FTX",0.37,30
"T7","Oligodendrocytes","0","yellow",406,"HADHB",0.37,30
"T7","Oligodendrocytes","0","yellow",406,"SGPL1",0.367,30
"T7","Oligodendrocytes","0","yellow",406,"HNRNPK",0.366,29
"T7","Oligodendrocytes","0","yellow",406,"COX20",0.366,30
"T7","Oligodendrocytes","0","yellow",406,"SMIM13",0.364,29
"T7","Oligodendrocytes","0","yellow",406,"ST3GAL4",0.364,29
"T7","Oligodendrocytes","0","yellow",406,"UBC",0.364,29
"T7","Oligodendrocytes","0","yellow",406,"NAA20",0.363,28
"T7","Oligodendrocytes","0","yellow",406,"MVB12B",0.361,28
"T7","Oligodendrocytes","0","yellow",406,"C1orf52",0.359,28
"T7","Oligodendrocytes","0","yellow",406,"C2orf88",0.356,28
"T7","Oligodendrocytes","0","yellow",406,"TMEM242",0.355,27
"T7","Oligodendrocytes","0","yellow",406,"TMED2",0.352,27
"T7","Oligodendrocytes","0","yellow",406,"MOB2",0.349,27
"T7","Oligodendrocytes","0","yellow",406,"ASAH1",0.349,27
"T7","Oligodendrocytes","0","yellow",406,"STMP1",0.348,26
"T7","Oligodendrocytes","0","yellow",406,"AC093879.1",0.347,26
"T7","Oligodendrocytes","0","yellow",406,"RPAIN",0.347,26
"T7","Oligodendrocytes","0","yellow",406,"EMC2",0.346,26
"T7","Oligodendrocytes","0","yellow",406,"ZNF708",0.344,25
"T7","Oligodendrocytes","0","yellow",406,"MTPN",0.343,25
"T7","Oligodendrocytes","0","yellow",406,"BIRC2",0.341,25
"T7","Oligodendrocytes","0","yellow",406,"WSB1",0.341,25
"T7","Oligodendrocytes","0","yellow",406,"UNC5B",0.34,24
"T7","Oligodendrocytes","0","yellow",406,"AKAP17A",0.34,24
"T7","Oligodendrocytes","0","yellow",406,"DPY19L1",0.335,23
"T7","Oligodendrocytes","0","yellow",406,"RALA",0.335,24
"T7","Oligodendrocytes","0","yellow",406,"ENOPH1",0.335,24
"T7","Oligodendrocytes","0","yellow",406,"THRB",0.334,23
"T7","Oligodendrocytes","0","yellow",406,"NUTM2A-AS1",0.333,23
"T7","Oligodendrocytes","0","yellow",406,"SRSF2",0.332,23
"T7","Oligodendrocytes","0","yellow",406,"UBE2L3",0.328,22
"T7","Oligodendrocytes","0","yellow",406,"ZSCAN18",0.327,22
"T7","Oligodendrocytes","0","yellow",406,"SUCLG1",0.321,22
"T7","Oligodendrocytes","0","yellow",406,"PSAT1",0.319,22
"T7","Oligodendrocytes","0","yellow",406,"C11orf58",0.317,21
"T7","Oligodendrocytes","0","yellow",406,"PPP1R3F",0.315,21
"T7","Oligodendrocytes","0","yellow",406,"FKBP3",0.314,21
"T7","Oligodendrocytes","0","yellow",406,"NASP",0.305,21
"T7","Oligodendrocytes","0","yellow",406,"U2SURP",0.302,20
"T7","Oligodendrocytes","0","yellow",406,"HDAC2-AS2",0.299,20
"T7","Oligodendrocytes","0","yellow",406,"KLHL28",0.294,20
"T7","Oligodendrocytes","0","yellow",406,"RBM28",0.293,20
"T7","Oligodendrocytes","0","yellow",406,"EMC3",0.289,20
"T7","Oligodendrocytes","0","yellow",406,"M6PR",0.288,19
"T7","Oligodendrocytes","0","yellow",406,"CBX6",0.287,19
"T7","Oligodendrocytes","0","yellow",406,"IPO9-AS1",0.286,19
"T7","Oligodendrocytes","0","yellow",406,"ATXN7L3B",0.284,18
"T7","Oligodendrocytes","0","yellow",406,"LINC01572",0.284,19
"T7","Oligodendrocytes","0","yellow",406,"UBA1",0.283,18
"T7","Oligodendrocytes","0","yellow",406,"PMS1",0.282,18
"T7","Oligodendrocytes","0","yellow",406,"NDUFB6",0.28,18
"T7","Oligodendrocytes","0","yellow",406,"MAN2A2",0.279,17
"T7","Oligodendrocytes","0","yellow",406,"TEFM",0.278,17
"T7","Oligodendrocytes","0","yellow",406,"GID8",0.277,17
"T7","Oligodendrocytes","0","yellow",406,"FADS1",0.276,17
"T7","Oligodendrocytes","0","yellow",406,"LARS",0.275,16
"T7","Oligodendrocytes","0","yellow",406,"HTATSF1",0.27,16
"T7","Oligodendrocytes","0","yellow",406,"SELENOI",0.269,15
"T7","Oligodendrocytes","0","yellow",406,"GDI2",0.269,16
"T7","Oligodendrocytes","0","yellow",406,"DNAJC6",0.269,16
"T7","Oligodendrocytes","0","yellow",406,"AC125613.1",0.268,15
"T7","Oligodendrocytes","0","yellow",406,"DPF2",0.265,15
"T7","Oligodendrocytes","0","yellow",406,"RAD23B",0.263,14
"T7","Oligodendrocytes","0","yellow",406,"HADHA",0.263,15
"T7","Oligodendrocytes","0","yellow",406,"KCNQ1",0.262,14
"T7","Oligodendrocytes","0","yellow",406,"EIF3H",0.256,14
"T7","Oligodendrocytes","0","yellow",406,"RAP2A",0.255,14
"T7","Oligodendrocytes","0","yellow",406,"VAMP3",0.254,13
"T7","Oligodendrocytes","0","yellow",406,"SPARC",0.254,13
"T7","Oligodendrocytes","0","yellow",406,"RBM17",0.251,13
"T7","Oligodendrocytes","0","yellow",406,"PAIP1",0.25,13
"T7","Oligodendrocytes","0","yellow",406,"JKAMP",0.248,12
"T7","Oligodendrocytes","0","yellow",406,"CCSAP",0.246,12
"T7","Oligodendrocytes","0","yellow",406,"MBD4",0.243,12
"T7","Oligodendrocytes","0","yellow",406,"KMT5A",0.24,12
"T7","Oligodendrocytes","0","yellow",406,"CRYL1",0.239,11
"T7","Oligodendrocytes","0","yellow",406,"SLAIN1",0.235,11
"T7","Oligodendrocytes","0","yellow",406,"HACD1",0.234,11
"T7","Oligodendrocytes","0","yellow",406,"SSR1",0.233,10
"T7","Oligodendrocytes","0","yellow",406,"PPIL4",0.233,11
"T7","Oligodendrocytes","0","yellow",406,"FAM3C",0.232,10
"T7","Oligodendrocytes","0","yellow",406,"ACADM",0.229,10
"T7","Oligodendrocytes","0","yellow",406,"HNRNPA0",0.229,10
"T7","Oligodendrocytes","0","yellow",406,"CAMTA1",0.222,9
"T7","Oligodendrocytes","0","yellow",406,"AC066613.2",0.217,9
"T7","Oligodendrocytes","0","yellow",406,"SC5D",0.214,9
"T7","Oligodendrocytes","0","yellow",406,"ERCC4",0.208,9
"T7","Oligodendrocytes","0","yellow",406,"DLST",0.2,8
"T7","Oligodendrocytes","0","yellow",406,"BRD8",0.199,8
"T7","Oligodendrocytes","0","yellow",406,"SIRPA",0.198,8
"T7","Oligodendrocytes","0","yellow",406,"RNMT",0.193,8
"T7","Oligodendrocytes","0","yellow",406,"TMEM167A",0.191,7
"T7","Oligodendrocytes","0","yellow",406,"SSBP1",0.187,7
"T7","Oligodendrocytes","0","yellow",406,"BTBD1",0.185,7
"T7","Oligodendrocytes","0","yellow",406,"SMIM4",0.182,7
"T7","Oligodendrocytes","0","yellow",406,"ANXA7",0.18,6
"T7","Oligodendrocytes","0","yellow",406,"MRPL3",0.176,6
"T7","Oligodendrocytes","0","yellow",406,"C12orf45",0.175,6
"T7","Oligodendrocytes","0","yellow",406,"SETBP1",0.173,5
"T7","Oligodendrocytes","0","yellow",406,"SEC11A",0.173,6
"T7","Oligodendrocytes","0","yellow",406,"CHCHD3",0.172,5
"T7","Oligodendrocytes","0","yellow",406,"IFRD1",0.17,5
"T7","Oligodendrocytes","0","yellow",406,"EPRS",0.161,5
"T7","Oligodendrocytes","0","yellow",406,"GPAT4",0.157,4
"T7","Oligodendrocytes","0","yellow",406,"COPB1",0.154,4
"T7","Oligodendrocytes","0","yellow",406,"YIPF6",0.15,4
"T7","Oligodendrocytes","0","yellow",406,"LNPK",0.135,4
"T7","Oligodendrocytes","0","yellow",406,"SLC35C2",0.131,3
"T7","Oligodendrocytes","0","yellow",406,"CUTC",0.129,3
"T7","Oligodendrocytes","0","yellow",406,"EEA1",0.125,3
"T7","Oligodendrocytes","0","yellow",406,"GRID1",0.122,3
"T7","Oligodendrocytes","0","yellow",406,"PRPSAP2",0.121,2
"T7","Oligodendrocytes","0","yellow",406,"ANKRD27",0.11,2
"T7","Oligodendrocytes","0","yellow",406,"SMC1A",0.1,2
"T7","Oligodendrocytes","0","yellow",406,"FBXL13",0.095,2
"T7","Oligodendrocytes","0","yellow",406,"DPY19L4",0.085,1
"T7","Oligodendrocytes","0","yellow",406,"TXNL1",0.074,1
"T7","Oligodendrocytes","0","yellow",406,"EIF2S1",0.074,1
"T7","Oligodendrocytes","0","yellow",406,"GALC",0.074,1
"T7","Oligodendrocytes","0","yellow",406,"PACSIN2",0.068,0
"T7","Oligodendrocytes","0","turquoise",662,"NFIB",0.77,100
"T7","Oligodendrocytes","0","turquoise",662,"BCLAF1",0.763,100
"T7","Oligodendrocytes","0","turquoise",662,"HBP1",0.746,100
"T7","Oligodendrocytes","0","turquoise",662,"DYRK1A",0.746,100
"T7","Oligodendrocytes","0","turquoise",662,"PDZD2",0.737,100
"T7","Oligodendrocytes","0","turquoise",662,"LCORL",0.728,100
"T7","Oligodendrocytes","0","turquoise",662,"PGBD5",0.715,100
"T7","Oligodendrocytes","0","turquoise",662,"USP33",0.697,99
"T7","Oligodendrocytes","0","turquoise",662,"ARHGAP5",0.687,99
"T7","Oligodendrocytes","0","turquoise",662,"INPP5A",0.686,99
"T7","Oligodendrocytes","0","turquoise",662,"MED13",0.681,99
"T7","Oligodendrocytes","0","turquoise",662,"SETD2",0.673,99
"T7","Oligodendrocytes","0","turquoise",662,"XYLT1",0.667,99
"T7","Oligodendrocytes","0","turquoise",662,"CDK13",0.665,99
"T7","Oligodendrocytes","0","turquoise",662,"TNPO1",0.66,98
"T7","Oligodendrocytes","0","turquoise",662,"ITGB8",0.658,98
"T7","Oligodendrocytes","0","turquoise",662,"C10orf90",0.658,98
"T7","Oligodendrocytes","0","turquoise",662,"PURB",0.653,98
"T7","Oligodendrocytes","0","turquoise",662,"KLHL24",0.65,97
"T7","Oligodendrocytes","0","turquoise",662,"PCNX1",0.65,98
"T7","Oligodendrocytes","0","turquoise",662,"RIF1",0.65,98
"T7","Oligodendrocytes","0","turquoise",662,"PUM2",0.649,97
"T7","Oligodendrocytes","0","turquoise",662,"NEK7",0.648,97
"T7","Oligodendrocytes","0","turquoise",662,"CEP350",0.647,97
"T7","Oligodendrocytes","0","turquoise",662,"TAOK1",0.642,97
"T7","Oligodendrocytes","0","turquoise",662,"PIK3R1",0.641,97
"T7","Oligodendrocytes","0","turquoise",662,"STAG1",0.64,97
"T7","Oligodendrocytes","0","turquoise",662,"TOP2B",0.638,96
"T7","Oligodendrocytes","0","turquoise",662,"TTC17",0.636,96
"T7","Oligodendrocytes","0","turquoise",662,"HERC3",0.629,96
"T7","Oligodendrocytes","0","turquoise",662,"HNRNPU",0.627,96
"T7","Oligodendrocytes","0","turquoise",662,"DENND1A",0.626,96
"T7","Oligodendrocytes","0","turquoise",662,"SPEN",0.617,96
"T7","Oligodendrocytes","0","turquoise",662,"CCNH",0.615,95
"T7","Oligodendrocytes","0","turquoise",662,"FNIP2",0.615,96
"T7","Oligodendrocytes","0","turquoise",662,"KMT2A",0.614,95
"T7","Oligodendrocytes","0","turquoise",662,"SLMAP",0.61,95
"T7","Oligodendrocytes","0","turquoise",662,"XPR1",0.61,95
"T7","Oligodendrocytes","0","turquoise",662,"KAT6A",0.609,95
"T7","Oligodendrocytes","0","turquoise",662,"LRBA",0.608,95
"T7","Oligodendrocytes","0","turquoise",662,"GDAP1",0.606,94
"T7","Oligodendrocytes","0","turquoise",662,"SIRT1",0.606,94
"T7","Oligodendrocytes","0","turquoise",662,"KANK1",0.605,94
"T7","Oligodendrocytes","0","turquoise",662,"CAMSAP2",0.605,94
"T7","Oligodendrocytes","0","turquoise",662,"MAP3K4",0.603,94
"T7","Oligodendrocytes","0","turquoise",662,"ROCK1",0.602,93
"T7","Oligodendrocytes","0","turquoise",662,"PDS5A",0.602,93
"T7","Oligodendrocytes","0","turquoise",662,"UBL3",0.602,94
"T7","Oligodendrocytes","0","turquoise",662,"ZBTB37",0.602,94
"T7","Oligodendrocytes","0","turquoise",662,"SCAF8",0.601,93
"T7","Oligodendrocytes","0","turquoise",662,"DHX15",0.6,93
"T7","Oligodendrocytes","0","turquoise",662,"KLHL8",0.6,93
"T7","Oligodendrocytes","0","turquoise",662,"SLC25A27",0.6,93
"T7","Oligodendrocytes","0","turquoise",662,"PPFIBP2",0.599,92
"T7","Oligodendrocytes","0","turquoise",662,"PHC3",0.597,92
"T7","Oligodendrocytes","0","turquoise",662,"PCMTD2",0.597,92
"T7","Oligodendrocytes","0","turquoise",662,"SCAF11",0.595,92
"T7","Oligodendrocytes","0","turquoise",662,"ZNF800",0.594,92
"T7","Oligodendrocytes","0","turquoise",662,"CUX1",0.594,92
"T7","Oligodendrocytes","0","turquoise",662,"IPO5",0.591,92
"T7","Oligodendrocytes","0","turquoise",662,"SPOCK3",0.588,91
"T7","Oligodendrocytes","0","turquoise",662,"PSME4",0.588,91
"T7","Oligodendrocytes","0","turquoise",662,"GRB10",0.585,91
"T7","Oligodendrocytes","0","turquoise",662,"PGAP1",0.584,91
"T7","Oligodendrocytes","0","turquoise",662,"PPP6R3",0.582,91
"T7","Oligodendrocytes","0","turquoise",662,"PIAS1",0.581,90
"T7","Oligodendrocytes","0","turquoise",662,"CYLD",0.581,90
"T7","Oligodendrocytes","0","turquoise",662,"USP15",0.581,91
"T7","Oligodendrocytes","0","turquoise",662,"FOXN2",0.581,91
"T7","Oligodendrocytes","0","turquoise",662,"FAM208A",0.58,90
"T7","Oligodendrocytes","0","turquoise",662,"TRPM7",0.58,90
"T7","Oligodendrocytes","0","turquoise",662,"MITF",0.58,90
"T7","Oligodendrocytes","0","turquoise",662,"YLPM1",0.579,89
"T7","Oligodendrocytes","0","turquoise",662,"RNF38",0.579,89
"T7","Oligodendrocytes","0","turquoise",662,"MT-ATP8",0.579,90
"T7","Oligodendrocytes","0","turquoise",662,"ZFR",0.578,89
"T7","Oligodendrocytes","0","turquoise",662,"AC106791.1",0.576,89
"T7","Oligodendrocytes","0","turquoise",662,"SIK2",0.573,89
"T7","Oligodendrocytes","0","turquoise",662,"PCF11",0.572,89
"T7","Oligodendrocytes","0","turquoise",662,"TRRAP",0.568,89
"T7","Oligodendrocytes","0","turquoise",662,"ATP11C",0.567,88
"T7","Oligodendrocytes","0","turquoise",662,"HUWE1",0.567,88
"T7","Oligodendrocytes","0","turquoise",662,"PIK3CA",0.566,88
"T7","Oligodendrocytes","0","turquoise",662,"LCOR",0.565,88
"T7","Oligodendrocytes","0","turquoise",662,"PCCA",0.564,88
"T7","Oligodendrocytes","0","turquoise",662,"CDK6",0.562,88
"T7","Oligodendrocytes","0","turquoise",662,"BMI1",0.559,87
"T7","Oligodendrocytes","0","turquoise",662,"FBXL3",0.558,87
"T7","Oligodendrocytes","0","turquoise",662,"CADM2",0.558,87
"T7","Oligodendrocytes","0","turquoise",662,"HERC4",0.556,87
"T7","Oligodendrocytes","0","turquoise",662,"MFAP3L",0.556,87
"T7","Oligodendrocytes","0","turquoise",662,"CUL1",0.555,87
"T7","Oligodendrocytes","0","turquoise",662,"DMTF1",0.554,87
"T7","Oligodendrocytes","0","turquoise",662,"ZDHHC17",0.553,86
"T7","Oligodendrocytes","0","turquoise",662,"ATM",0.551,86
"T7","Oligodendrocytes","0","turquoise",662,"RAPGEF1",0.55,86
"T7","Oligodendrocytes","0","turquoise",662,"LNPEP",0.549,86
"T7","Oligodendrocytes","0","turquoise",662,"XRN1",0.549,86
"T7","Oligodendrocytes","0","turquoise",662,"HSPA9",0.548,85
"T7","Oligodendrocytes","0","turquoise",662,"PCMTD1",0.548,86
"T7","Oligodendrocytes","0","turquoise",662,"ZRANB1",0.548,86
"T7","Oligodendrocytes","0","turquoise",662,"EGLN1",0.547,85
"T7","Oligodendrocytes","0","turquoise",662,"SF3B1",0.547,85
"T7","Oligodendrocytes","0","turquoise",662,"SREK1",0.546,85
"T7","Oligodendrocytes","0","turquoise",662,"GIGYF2",0.546,85
"T7","Oligodendrocytes","0","turquoise",662,"RASA2",0.544,85
"T7","Oligodendrocytes","0","turquoise",662,"POU3F3",0.543,84
"T7","Oligodendrocytes","0","turquoise",662,"WASHC5",0.543,84
"T7","Oligodendrocytes","0","turquoise",662,"CEP290",0.541,84
"T7","Oligodendrocytes","0","turquoise",662,"PTAR1",0.54,84
"T7","Oligodendrocytes","0","turquoise",662,"SMC5",0.538,84
"T7","Oligodendrocytes","0","turquoise",662,"ZNF521",0.537,84
"T7","Oligodendrocytes","0","turquoise",662,"IVNS1ABP",0.536,84
"T7","Oligodendrocytes","0","turquoise",662,"PLEKHA1",0.535,83
"T7","Oligodendrocytes","0","turquoise",662,"TPPP",0.535,83
"T7","Oligodendrocytes","0","turquoise",662,"NPEPPS",0.535,83
"T7","Oligodendrocytes","0","turquoise",662,"AC079594.2",0.533,83
"T7","Oligodendrocytes","0","turquoise",662,"DENND4C",0.531,83
"T7","Oligodendrocytes","0","turquoise",662,"PUM1",0.531,83
"T7","Oligodendrocytes","0","turquoise",662,"STRN3",0.529,82
"T7","Oligodendrocytes","0","turquoise",662,"NRF1",0.528,82
"T7","Oligodendrocytes","0","turquoise",662,"HINT3",0.527,82
"T7","Oligodendrocytes","0","turquoise",662,"RBM6",0.526,82
"T7","Oligodendrocytes","0","turquoise",662,"MORF4L2",0.523,82
"T7","Oligodendrocytes","0","turquoise",662,"SHPRH",0.523,82
"T7","Oligodendrocytes","0","turquoise",662,"BRWD1",0.522,81
"T7","Oligodendrocytes","0","turquoise",662,"RAP1B",0.522,82
"T7","Oligodendrocytes","0","turquoise",662,"RB1CC1",0.519,81
"T7","Oligodendrocytes","0","turquoise",662,"TRAPPC8",0.517,81
"T7","Oligodendrocytes","0","turquoise",662,"MARCH8",0.517,81
"T7","Oligodendrocytes","0","turquoise",662,"UBR2",0.515,81
"T7","Oligodendrocytes","0","turquoise",662,"G3BP1",0.515,81
"T7","Oligodendrocytes","0","turquoise",662,"INTS7",0.514,80
"T7","Oligodendrocytes","0","turquoise",662,"ITPK1",0.514,81
"T7","Oligodendrocytes","0","turquoise",662,"C2CD5",0.513,80
"T7","Oligodendrocytes","0","turquoise",662,"SMG1",0.513,80
"T7","Oligodendrocytes","0","turquoise",662,"ARHGAP35",0.512,80
"T7","Oligodendrocytes","0","turquoise",662,"RALGPS1",0.511,80
"T7","Oligodendrocytes","0","turquoise",662,"TSC22D2",0.511,80
"T7","Oligodendrocytes","0","turquoise",662,"ZNF207",0.51,79
"T7","Oligodendrocytes","0","turquoise",662,"TTC37",0.509,79
"T7","Oligodendrocytes","0","turquoise",662,"SMAD4",0.509,79
"T7","Oligodendrocytes","0","turquoise",662,"ZBTB44",0.508,79
"T7","Oligodendrocytes","0","turquoise",662,"AC004918.1",0.508,79
"T7","Oligodendrocytes","0","turquoise",662,"CDH19",0.508,79
"T7","Oligodendrocytes","0","turquoise",662,"RPAP2",0.506,79
"T7","Oligodendrocytes","0","turquoise",662,"PIKFYVE",0.505,78
"T7","Oligodendrocytes","0","turquoise",662,"ZC3H14",0.504,78
"T7","Oligodendrocytes","0","turquoise",662,"RALGAPB",0.504,78
"T7","Oligodendrocytes","0","turquoise",662,"MTMR10",0.503,78
"T7","Oligodendrocytes","0","turquoise",662,"KIAA1109",0.501,78
"T7","Oligodendrocytes","0","turquoise",662,"PPP2R1B",0.501,78
"T7","Oligodendrocytes","0","turquoise",662,"RAB21",0.5,78
"T7","Oligodendrocytes","0","turquoise",662,"PPP4R1",0.499,77
"T7","Oligodendrocytes","0","turquoise",662,"STXBP3",0.498,77
"T7","Oligodendrocytes","0","turquoise",662,"ROCK2",0.497,76
"T7","Oligodendrocytes","0","turquoise",662,"ERC1",0.497,77
"T7","Oligodendrocytes","0","turquoise",662,"PRR14L",0.497,77
"T7","Oligodendrocytes","0","turquoise",662,"RSF1",0.497,77
"T7","Oligodendrocytes","0","turquoise",662,"RBM26",0.497,77
"T7","Oligodendrocytes","0","turquoise",662,"AGO3",0.496,76
"T7","Oligodendrocytes","0","turquoise",662,"RANBP9",0.496,76
"T7","Oligodendrocytes","0","turquoise",662,"UBN2",0.496,76
"T7","Oligodendrocytes","0","turquoise",662,"EDEM3",0.496,76
"T7","Oligodendrocytes","0","turquoise",662,"FER",0.496,76
"T7","Oligodendrocytes","0","turquoise",662,"ZFC3H1",0.496,76
"T7","Oligodendrocytes","0","turquoise",662,"FBXL4",0.495,75
"T7","Oligodendrocytes","0","turquoise",662,"GATM",0.494,75
"T7","Oligodendrocytes","0","turquoise",662,"OSBPL8",0.492,75
"T7","Oligodendrocytes","0","turquoise",662,"KDM5A",0.492,75
"T7","Oligodendrocytes","0","turquoise",662,"PIK3C3",0.491,75
"T7","Oligodendrocytes","0","turquoise",662,"POLI",0.491,75
"T7","Oligodendrocytes","0","turquoise",662,"ECPAS",0.49,74
"T7","Oligodendrocytes","0","turquoise",662,"NR2C2",0.49,74
"T7","Oligodendrocytes","0","turquoise",662,"ARID1A",0.488,74
"T7","Oligodendrocytes","0","turquoise",662,"ERCC6L2",0.487,74
"T7","Oligodendrocytes","0","turquoise",662,"EPM2AIP1",0.487,74
"T7","Oligodendrocytes","0","turquoise",662,"ANAPC10",0.487,74
"T7","Oligodendrocytes","0","turquoise",662,"NAP1L1",0.486,73
"T7","Oligodendrocytes","0","turquoise",662,"MARCH7",0.486,73
"T7","Oligodendrocytes","0","turquoise",662,"PPM1A",0.486,74
"T7","Oligodendrocytes","0","turquoise",662,"AC118549.1",0.484,73
"T7","Oligodendrocytes","0","turquoise",662,"REV1",0.483,73
"T7","Oligodendrocytes","0","turquoise",662,"ATXN10",0.482,73
"T7","Oligodendrocytes","0","turquoise",662,"STARD13",0.48,73
"T7","Oligodendrocytes","0","turquoise",662,"ST3GAL6",0.477,73
"T7","Oligodendrocytes","0","turquoise",662,"ALCAM",0.474,72
"T7","Oligodendrocytes","0","turquoise",662,"ARHGEF11",0.473,72
"T7","Oligodendrocytes","0","turquoise",662,"DIDO1",0.473,72
"T7","Oligodendrocytes","0","turquoise",662,"EP300",0.473,72
"T7","Oligodendrocytes","0","turquoise",662,"TMEM161B-AS1",0.472,71
"T7","Oligodendrocytes","0","turquoise",662,"JMY",0.472,72
"T7","Oligodendrocytes","0","turquoise",662,"OGT",0.472,72
"T7","Oligodendrocytes","0","turquoise",662,"PNPLA8",0.47,71
"T7","Oligodendrocytes","0","turquoise",662,"TNKS2",0.47,71
"T7","Oligodendrocytes","0","turquoise",662,"RPS6KA5",0.468,71
"T7","Oligodendrocytes","0","turquoise",662,"ALMS1",0.467,71
"T7","Oligodendrocytes","0","turquoise",662,"NIN",0.465,71
"T7","Oligodendrocytes","0","turquoise",662,"SNAPC3",0.465,71
"T7","Oligodendrocytes","0","turquoise",662,"WASHC4",0.464,70
"T7","Oligodendrocytes","0","turquoise",662,"DDX6",0.464,70
"T7","Oligodendrocytes","0","turquoise",662,"KRCC1",0.464,70
"T7","Oligodendrocytes","0","turquoise",662,"PHF20L1",0.463,70
"T7","Oligodendrocytes","0","turquoise",662,"LEMD3",0.462,70
"T7","Oligodendrocytes","0","turquoise",662,"MTMR9",0.461,70
"T7","Oligodendrocytes","0","turquoise",662,"SMCHD1",0.459,69
"T7","Oligodendrocytes","0","turquoise",662,"PCNX4",0.459,69
"T7","Oligodendrocytes","0","turquoise",662,"KANTR",0.458,69
"T7","Oligodendrocytes","0","turquoise",662,"RIC8B",0.458,69
"T7","Oligodendrocytes","0","turquoise",662,"PDZD8",0.457,69
"T7","Oligodendrocytes","0","turquoise",662,"CLK4",0.457,69
"T7","Oligodendrocytes","0","turquoise",662,"AHCYL1",0.457,69
"T7","Oligodendrocytes","0","turquoise",662,"UBXN7",0.456,68
"T7","Oligodendrocytes","0","turquoise",662,"SCAF4",0.455,68
"T7","Oligodendrocytes","0","turquoise",662,"MT-ND4L",0.455,68
"T7","Oligodendrocytes","0","turquoise",662,"UBQLN1",0.455,68
"T7","Oligodendrocytes","0","turquoise",662,"HNRNPC",0.454,68
"T7","Oligodendrocytes","0","turquoise",662,"ANKRD11",0.451,68
"T7","Oligodendrocytes","0","turquoise",662,"CHD1",0.451,68
"T7","Oligodendrocytes","0","turquoise",662,"NSD3",0.45,67
"T7","Oligodendrocytes","0","turquoise",662,"FAM91A1",0.449,67
"T7","Oligodendrocytes","0","turquoise",662,"USP45",0.449,67
"T7","Oligodendrocytes","0","turquoise",662,"SPART",0.448,67
"T7","Oligodendrocytes","0","turquoise",662,"IRF2BP2",0.448,67
"T7","Oligodendrocytes","0","turquoise",662,"CAPN7",0.448,67
"T7","Oligodendrocytes","0","turquoise",662,"SLC35F5",0.447,66
"T7","Oligodendrocytes","0","turquoise",662,"UBR4",0.447,66
"T7","Oligodendrocytes","0","turquoise",662,"HMBOX1",0.446,66
"T7","Oligodendrocytes","0","turquoise",662,"NCKAP1",0.446,66
"T7","Oligodendrocytes","0","turquoise",662,"QKI",0.445,66
"T7","Oligodendrocytes","0","turquoise",662,"ARFGEF3",0.445,66
"T7","Oligodendrocytes","0","turquoise",662,"ATF2",0.445,66
"T7","Oligodendrocytes","0","turquoise",662,"SUPT20H",0.442,65
"T7","Oligodendrocytes","0","turquoise",662,"HNRNPA3",0.442,65
"T7","Oligodendrocytes","0","turquoise",662,"PPP1CC",0.442,65
"T7","Oligodendrocytes","0","turquoise",662,"SHOC2",0.44,65
"T7","Oligodendrocytes","0","turquoise",662,"AHCYL2",0.44,65
"T7","Oligodendrocytes","0","turquoise",662,"COG6",0.439,64
"T7","Oligodendrocytes","0","turquoise",662,"SMAD5",0.439,64
"T7","Oligodendrocytes","0","turquoise",662,"PHF14",0.439,65
"T7","Oligodendrocytes","0","turquoise",662,"ASXL2",0.438,64
"T7","Oligodendrocytes","0","turquoise",662,"CUL3",0.437,64
"T7","Oligodendrocytes","0","turquoise",662,"FBXL5",0.437,64
"T7","Oligodendrocytes","0","turquoise",662,"GLS",0.437,64
"T7","Oligodendrocytes","0","turquoise",662,"RNF168",0.435,64
"T7","Oligodendrocytes","0","turquoise",662,"SPIRE1",0.434,63
"T7","Oligodendrocytes","0","turquoise",662,"YWHAQ",0.431,63
"T7","Oligodendrocytes","0","turquoise",662,"GLTP",0.431,63
"T7","Oligodendrocytes","0","turquoise",662,"ATF7IP",0.431,63
"T7","Oligodendrocytes","0","turquoise",662,"FBXO33",0.43,63
"T7","Oligodendrocytes","0","turquoise",662,"WDR26",0.43,63
"T7","Oligodendrocytes","0","turquoise",662,"INTS4",0.429,63
"T7","Oligodendrocytes","0","turquoise",662,"ARL8B",0.428,62
"T7","Oligodendrocytes","0","turquoise",662,"DCBLD2",0.427,62
"T7","Oligodendrocytes","0","turquoise",662,"GPSM2",0.427,62
"T7","Oligodendrocytes","0","turquoise",662,"SNX13",0.427,62
"T7","Oligodendrocytes","0","turquoise",662,"SP3",0.427,62
"T7","Oligodendrocytes","0","turquoise",662,"ANKRD26",0.425,62
"T7","Oligodendrocytes","0","turquoise",662,"PRNP",0.423,61
"T7","Oligodendrocytes","0","turquoise",662,"ZMYND11",0.422,61
"T7","Oligodendrocytes","0","turquoise",662,"RBM41",0.422,61
"T7","Oligodendrocytes","0","turquoise",662,"LRPPRC",0.422,61
"T7","Oligodendrocytes","0","turquoise",662,"LMBR1",0.421,61
"T7","Oligodendrocytes","0","turquoise",662,"ASPH",0.421,61
"T7","Oligodendrocytes","0","turquoise",662,"ATP2A2",0.419,60
"T7","Oligodendrocytes","0","turquoise",662,"STT3B",0.419,61
"T7","Oligodendrocytes","0","turquoise",662,"PDLIM5",0.418,60
"T7","Oligodendrocytes","0","turquoise",662,"STAG2",0.417,60
"T7","Oligodendrocytes","0","turquoise",662,"THOC2",0.417,60
"T7","Oligodendrocytes","0","turquoise",662,"HIPK1",0.416,60
"T7","Oligodendrocytes","0","turquoise",662,"SETX",0.415,60
"T7","Oligodendrocytes","0","turquoise",662,"DCAF7",0.414,60
"T7","Oligodendrocytes","0","turquoise",662,"USP7",0.413,59
"T7","Oligodendrocytes","0","turquoise",662,"DCAF5",0.412,59
"T7","Oligodendrocytes","0","turquoise",662,"HIVEP2",0.412,59
"T7","Oligodendrocytes","0","turquoise",662,"ARL15",0.412,59
"T7","Oligodendrocytes","0","turquoise",662,"ADD3",0.411,58
"T7","Oligodendrocytes","0","turquoise",662,"RHOBTB1",0.411,58
"T7","Oligodendrocytes","0","turquoise",662,"CSNK1A1",0.411,59
"T7","Oligodendrocytes","0","turquoise",662,"ATP2C1",0.411,59
"T7","Oligodendrocytes","0","turquoise",662,"TMX4",0.41,58
"T7","Oligodendrocytes","0","turquoise",662,"TAPT1",0.41,58
"T7","Oligodendrocytes","0","turquoise",662,"MAPK1",0.409,57
"T7","Oligodendrocytes","0","turquoise",662,"UBR1",0.409,57
"T7","Oligodendrocytes","0","turquoise",662,"VTI1A",0.409,58
"T7","Oligodendrocytes","0","turquoise",662,"PPP4R3A",0.409,58
"T7","Oligodendrocytes","0","turquoise",662,"PRIM2",0.409,58
"T7","Oligodendrocytes","0","turquoise",662,"SS18",0.407,57
"T7","Oligodendrocytes","0","turquoise",662,"QSER1",0.405,57
"T7","Oligodendrocytes","0","turquoise",662,"NFKB1",0.405,57
"T7","Oligodendrocytes","0","turquoise",662,"BDP1",0.405,57
"T7","Oligodendrocytes","0","turquoise",662,"WASF3",0.404,56
"T7","Oligodendrocytes","0","turquoise",662,"VCPIP1",0.404,56
"T7","Oligodendrocytes","0","turquoise",662,"PPP2CB",0.404,56
"T7","Oligodendrocytes","0","turquoise",662,"SUPT3H",0.401,56
"T7","Oligodendrocytes","0","turquoise",662,"GLCCI1",0.401,56
"T7","Oligodendrocytes","0","turquoise",662,"NBR1",0.401,56
"T7","Oligodendrocytes","0","turquoise",662,"TPR",0.4,56
"T7","Oligodendrocytes","0","turquoise",662,"DSTYK",0.399,55
"T7","Oligodendrocytes","0","turquoise",662,"LSM14A",0.399,55
"T7","Oligodendrocytes","0","turquoise",662,"VPS8",0.399,55
"T7","Oligodendrocytes","0","turquoise",662,"LTN1",0.398,55
"T7","Oligodendrocytes","0","turquoise",662,"AMN1",0.398,55
"T7","Oligodendrocytes","0","turquoise",662,"ATP10D",0.398,55
"T7","Oligodendrocytes","0","turquoise",662,"TMEM181",0.397,54
"T7","Oligodendrocytes","0","turquoise",662,"POLK",0.397,55
"T7","Oligodendrocytes","0","turquoise",662,"MTMR6",0.396,54
"T7","Oligodendrocytes","0","turquoise",662,"ZNF318",0.395,54
"T7","Oligodendrocytes","0","turquoise",662,"EXOC5",0.394,54
"T7","Oligodendrocytes","0","turquoise",662,"GANC",0.393,54
"T7","Oligodendrocytes","0","turquoise",662,"CCNT2",0.393,54
"T7","Oligodendrocytes","0","turquoise",662,"NHLRC2",0.391,53
"T7","Oligodendrocytes","0","turquoise",662,"BROX",0.391,53
"T7","Oligodendrocytes","0","turquoise",662,"AC084337.2",0.391,53
"T7","Oligodendrocytes","0","turquoise",662,"MRPL42",0.391,53
"T7","Oligodendrocytes","0","turquoise",662,"RYK",0.389,53
"T7","Oligodendrocytes","0","turquoise",662,"CCDC138",0.389,53
"T7","Oligodendrocytes","0","turquoise",662,"RAB3GAP2",0.389,53
"T7","Oligodendrocytes","0","turquoise",662,"SMAD2",0.388,52
"T7","Oligodendrocytes","0","turquoise",662,"NT5C2",0.387,52
"T7","Oligodendrocytes","0","turquoise",662,"PPP4R3B",0.387,52
"T7","Oligodendrocytes","0","turquoise",662,"CAB39",0.384,52
"T7","Oligodendrocytes","0","turquoise",662,"TENT4A",0.384,52
"T7","Oligodendrocytes","0","turquoise",662,"STX7",0.384,52
"T7","Oligodendrocytes","0","turquoise",662,"SPRED1",0.383,51
"T7","Oligodendrocytes","0","turquoise",662,"AC091948.1",0.382,51
"T7","Oligodendrocytes","0","turquoise",662,"MTM1",0.38,50
"T7","Oligodendrocytes","0","turquoise",662,"AKAP11",0.38,51
"T7","Oligodendrocytes","0","turquoise",662,"KIAA1468",0.38,51
"T7","Oligodendrocytes","0","turquoise",662,"USP48",0.38,51
"T7","Oligodendrocytes","0","turquoise",662,"PURG",0.38,51
"T7","Oligodendrocytes","0","turquoise",662,"NSD1",0.38,51
"T7","Oligodendrocytes","0","turquoise",662,"WDR20",0.379,50
"T7","Oligodendrocytes","0","turquoise",662,"NDUFS1",0.379,50
"T7","Oligodendrocytes","0","turquoise",662,"ZBTB11",0.378,50
"T7","Oligodendrocytes","0","turquoise",662,"FAM120A",0.377,50
"T7","Oligodendrocytes","0","turquoise",662,"PICALM",0.376,49
"T7","Oligodendrocytes","0","turquoise",662,"USP22",0.376,50
"T7","Oligodendrocytes","0","turquoise",662,"FBXL17",0.376,50
"T7","Oligodendrocytes","0","turquoise",662,"MAPK8",0.375,49
"T7","Oligodendrocytes","0","turquoise",662,"TRIM4",0.374,49
"T7","Oligodendrocytes","0","turquoise",662,"DIS3L",0.373,49
"T7","Oligodendrocytes","0","turquoise",662,"YAF2",0.372,49
"T7","Oligodendrocytes","0","turquoise",662,"WWC2",0.372,49
"T7","Oligodendrocytes","0","turquoise",662,"YIPF4",0.371,48
"T7","Oligodendrocytes","0","turquoise",662,"ZBTB25",0.371,48
"T7","Oligodendrocytes","0","turquoise",662,"ZNF292",0.37,48
"T7","Oligodendrocytes","0","turquoise",662,"UMAD1",0.369,48
"T7","Oligodendrocytes","0","turquoise",662,"AP5M1",0.368,48
"T7","Oligodendrocytes","0","turquoise",662,"HIPK3",0.368,48
"T7","Oligodendrocytes","0","turquoise",662,"CWC27",0.367,47
"T7","Oligodendrocytes","0","turquoise",662,"CHPT1",0.367,48
"T7","Oligodendrocytes","0","turquoise",662,"CSDE1",0.366,47
"T7","Oligodendrocytes","0","turquoise",662,"HBS1L",0.366,47
"T7","Oligodendrocytes","0","turquoise",662,"PEX3",0.366,47
"T7","Oligodendrocytes","0","turquoise",662,"CDC73",0.365,46
"T7","Oligodendrocytes","0","turquoise",662,"HNRNPR",0.365,47
"T7","Oligodendrocytes","0","turquoise",662,"SRSF11",0.365,47
"T7","Oligodendrocytes","0","turquoise",662,"TMTC3",0.364,46
"T7","Oligodendrocytes","0","turquoise",662,"C5orf24",0.362,46
"T7","Oligodendrocytes","0","turquoise",662,"SEL1L",0.362,46
"T7","Oligodendrocytes","0","turquoise",662,"ANKRD46",0.362,46
"T7","Oligodendrocytes","0","turquoise",662,"HEATR5B",0.361,45
"T7","Oligodendrocytes","0","turquoise",662,"MDM2",0.361,46
"T7","Oligodendrocytes","0","turquoise",662,"STXBP5",0.361,46
"T7","Oligodendrocytes","0","turquoise",662,"CRADD",0.359,45
"T7","Oligodendrocytes","0","turquoise",662,"CBR4",0.359,45
"T7","Oligodendrocytes","0","turquoise",662,"PSMD1",0.359,45
"T7","Oligodendrocytes","0","turquoise",662,"EIF4B",0.358,44
"T7","Oligodendrocytes","0","turquoise",662,"NAA50",0.358,45
"T7","Oligodendrocytes","0","turquoise",662,"MT-ND5",0.358,45
"T7","Oligodendrocytes","0","turquoise",662,"TUT4",0.358,45
"T7","Oligodendrocytes","0","turquoise",662,"WDR48",0.357,44
"T7","Oligodendrocytes","0","turquoise",662,"ZFP82",0.357,44
"T7","Oligodendrocytes","0","turquoise",662,"NOL10",0.355,44
"T7","Oligodendrocytes","0","turquoise",662,"RHOT1",0.354,43
"T7","Oligodendrocytes","0","turquoise",662,"BTBD7",0.354,44
"T7","Oligodendrocytes","0","turquoise",662,"DTWD1",0.354,44
"T7","Oligodendrocytes","0","turquoise",662,"RNF141",0.352,43
"T7","Oligodendrocytes","0","turquoise",662,"TCAF1",0.352,43
"T7","Oligodendrocytes","0","turquoise",662,"ZBTB38",0.352,43
"T7","Oligodendrocytes","0","turquoise",662,"NUCKS1",0.349,42
"T7","Oligodendrocytes","0","turquoise",662,"LINC00667",0.349,42
"T7","Oligodendrocytes","0","turquoise",662,"RBM39",0.349,43
"T7","Oligodendrocytes","0","turquoise",662,"MYCBP2",0.349,43
"T7","Oligodendrocytes","0","turquoise",662,"OXSR1",0.349,43
"T7","Oligodendrocytes","0","turquoise",662,"TUBGCP3",0.348,42
"T7","Oligodendrocytes","0","turquoise",662,"OMG",0.348,42
"T7","Oligodendrocytes","0","turquoise",662,"NSL1",0.347,42
"T7","Oligodendrocytes","0","turquoise",662,"PSMD11",0.346,41
"T7","Oligodendrocytes","0","turquoise",662,"WRNIP1",0.346,41
"T7","Oligodendrocytes","0","turquoise",662,"HECTD1",0.346,41
"T7","Oligodendrocytes","0","turquoise",662,"BOD1L1",0.346,42
"T7","Oligodendrocytes","0","turquoise",662,"PDE10A",0.345,41
"T7","Oligodendrocytes","0","turquoise",662,"GPBP1L1",0.345,41
"T7","Oligodendrocytes","0","turquoise",662,"ZBED5",0.344,41
"T7","Oligodendrocytes","0","turquoise",662,"KRR1",0.344,41
"T7","Oligodendrocytes","0","turquoise",662,"PANK3",0.343,40
"T7","Oligodendrocytes","0","turquoise",662,"SOS2",0.343,40
"T7","Oligodendrocytes","0","turquoise",662,"RAB22A",0.342,40
"T7","Oligodendrocytes","0","turquoise",662,"EPC2",0.341,40
"T7","Oligodendrocytes","0","turquoise",662,"OSTM1",0.339,39
"T7","Oligodendrocytes","0","turquoise",662,"RSU1",0.339,40
"T7","Oligodendrocytes","0","turquoise",662,"ARCN1",0.339,40
"T7","Oligodendrocytes","0","turquoise",662,"KIAA0319L",0.339,40
"T7","Oligodendrocytes","0","turquoise",662,"FAM76B",0.338,39
"T7","Oligodendrocytes","0","turquoise",662,"DNAJC13",0.337,39
"T7","Oligodendrocytes","0","turquoise",662,"USP38",0.337,39
"T7","Oligodendrocytes","0","turquoise",662,"DCUN1D4",0.337,39
"T7","Oligodendrocytes","0","turquoise",662,"ALS2",0.337,39
"T7","Oligodendrocytes","0","turquoise",662,"STAM2",0.336,38
"T7","Oligodendrocytes","0","turquoise",662,"ZFAND5",0.335,38
"T7","Oligodendrocytes","0","turquoise",662,"AP4E1",0.335,38
"T7","Oligodendrocytes","0","turquoise",662,"ZYG11B",0.335,38
"T7","Oligodendrocytes","0","turquoise",662,"CHFR",0.333,38
"T7","Oligodendrocytes","0","turquoise",662,"KCMF1",0.332,38
"T7","Oligodendrocytes","0","turquoise",662,"RMDN1",0.332,38
"T7","Oligodendrocytes","0","turquoise",662,"CDC27",0.331,37
"T7","Oligodendrocytes","0","turquoise",662,"TRMT1L",0.331,37
"T7","Oligodendrocytes","0","turquoise",662,"TUT7",0.33,37
"T7","Oligodendrocytes","0","turquoise",662,"NAA15",0.33,37
"T7","Oligodendrocytes","0","turquoise",662,"ANKRD28",0.329,37
"T7","Oligodendrocytes","0","turquoise",662,"TMEM87A",0.329,37
"T7","Oligodendrocytes","0","turquoise",662,"MOSPD2",0.328,37
"T7","Oligodendrocytes","0","turquoise",662,"TAF7",0.327,36
"T7","Oligodendrocytes","0","turquoise",662,"KLF3",0.327,36
"T7","Oligodendrocytes","0","turquoise",662,"IGF2R",0.326,36
"T7","Oligodendrocytes","0","turquoise",662,"RAI14",0.326,36
"T7","Oligodendrocytes","0","turquoise",662,"BICRAL",0.323,36
"T7","Oligodendrocytes","0","turquoise",662,"RFX7",0.323,36
"T7","Oligodendrocytes","0","turquoise",662,"NGLY1",0.322,35
"T7","Oligodendrocytes","0","turquoise",662,"SNX1",0.32,35
"T7","Oligodendrocytes","0","turquoise",662,"C3orf38",0.32,35
"T7","Oligodendrocytes","0","turquoise",662,"ZNF595",0.317,35
"T7","Oligodendrocytes","0","turquoise",662,"PEX2",0.317,35
"T7","Oligodendrocytes","0","turquoise",662,"UCHL5",0.317,35
"T7","Oligodendrocytes","0","turquoise",662,"RICTOR",0.316,34
"T7","Oligodendrocytes","0","turquoise",662,"PSMC6",0.316,34
"T7","Oligodendrocytes","0","turquoise",662,"LMO7",0.316,34
"T7","Oligodendrocytes","0","turquoise",662,"HEATR5A",0.316,35
"T7","Oligodendrocytes","0","turquoise",662,"HCFC2",0.315,34
"T7","Oligodendrocytes","0","turquoise",662,"ERMP1",0.315,34
"T7","Oligodendrocytes","0","turquoise",662,"TAF3",0.314,33
"T7","Oligodendrocytes","0","turquoise",662,"STAU2",0.314,33
"T7","Oligodendrocytes","0","turquoise",662,"RAB3GAP1",0.314,34
"T7","Oligodendrocytes","0","turquoise",662,"ITPR2",0.313,33
"T7","Oligodendrocytes","0","turquoise",662,"COL4A3BP",0.312,33
"T7","Oligodendrocytes","0","turquoise",662,"UFM1",0.31,33
"T7","Oligodendrocytes","0","turquoise",662,"CAST",0.31,33
"T7","Oligodendrocytes","0","turquoise",662,"ZNF148",0.308,33
"T7","Oligodendrocytes","0","turquoise",662,"KATNAL1",0.306,32
"T7","Oligodendrocytes","0","turquoise",662,"PAPOLG",0.305,32
"T7","Oligodendrocytes","0","turquoise",662,"CAPRIN1",0.305,32
"T7","Oligodendrocytes","0","turquoise",662,"NAA25",0.304,32
"T7","Oligodendrocytes","0","turquoise",662,"CSTF3",0.304,32
"T7","Oligodendrocytes","0","turquoise",662,"UBA3",0.304,32
"T7","Oligodendrocytes","0","turquoise",662,"CREB1",0.303,32
"T7","Oligodendrocytes","0","turquoise",662,"GRIA4",0.302,31
"T7","Oligodendrocytes","0","turquoise",662,"ZFYVE9",0.297,31
"T7","Oligodendrocytes","0","turquoise",662,"TMC7",0.297,31
"T7","Oligodendrocytes","0","turquoise",662,"IARS",0.296,31
"T7","Oligodendrocytes","0","turquoise",662,"TBC1D23",0.296,31
"T7","Oligodendrocytes","0","turquoise",662,"ITSN1",0.295,30
"T7","Oligodendrocytes","0","turquoise",662,"CNOT4",0.295,30
"T7","Oligodendrocytes","0","turquoise",662,"AGPS",0.295,31
"T7","Oligodendrocytes","0","turquoise",662,"ZNF654",0.294,30
"T7","Oligodendrocytes","0","turquoise",662,"EYA4",0.294,30
"T7","Oligodendrocytes","0","turquoise",662,"ZNF326",0.294,30
"T7","Oligodendrocytes","0","turquoise",662,"TOR1AIP2",0.294,30
"T7","Oligodendrocytes","0","turquoise",662,"WDR75",0.293,29
"T7","Oligodendrocytes","0","turquoise",662,"PDE1C",0.293,29
"T7","Oligodendrocytes","0","turquoise",662,"CASP8AP2",0.293,30
"T7","Oligodendrocytes","0","turquoise",662,"FKBP15",0.292,29
"T7","Oligodendrocytes","0","turquoise",662,"FBXO3",0.29,29
"T7","Oligodendrocytes","0","turquoise",662,"ZNF451",0.29,29
"T7","Oligodendrocytes","0","turquoise",662,"WDR11",0.288,29
"T7","Oligodendrocytes","0","turquoise",662,"MINDY2",0.287,28
"T7","Oligodendrocytes","0","turquoise",662,"TMF1",0.286,28
"T7","Oligodendrocytes","0","turquoise",662,"MSANTD4",0.285,28
"T7","Oligodendrocytes","0","turquoise",662,"COG2",0.284,28
"T7","Oligodendrocytes","0","turquoise",662,"C18orf25",0.284,28
"T7","Oligodendrocytes","0","turquoise",662,"CMC1",0.283,28
"T7","Oligodendrocytes","0","turquoise",662,"DAZAP2",0.282,27
"T7","Oligodendrocytes","0","turquoise",662,"LPP",0.282,27
"T7","Oligodendrocytes","0","turquoise",662,"EXOC2",0.282,27
"T7","Oligodendrocytes","0","turquoise",662,"AASDHPPT",0.282,27
"T7","Oligodendrocytes","0","turquoise",662,"CAMK2G",0.282,28
"T7","Oligodendrocytes","0","turquoise",662,"PBX3",0.28,26
"T7","Oligodendrocytes","0","turquoise",662,"TMEM136",0.28,26
"T7","Oligodendrocytes","0","turquoise",662,"PLEKHH2",0.28,26
"T7","Oligodendrocytes","0","turquoise",662,"TRIP11",0.28,26
"T7","Oligodendrocytes","0","turquoise",662,"WDR37",0.28,27
"T7","Oligodendrocytes","0","turquoise",662,"TRIM44",0.28,27
"T7","Oligodendrocytes","0","turquoise",662,"STX12",0.28,27
"T7","Oligodendrocytes","0","turquoise",662,"EIF4E",0.278,26
"T7","Oligodendrocytes","0","turquoise",662,"RAB5A",0.277,26
"T7","Oligodendrocytes","0","turquoise",662,"IL6ST",0.276,25
"T7","Oligodendrocytes","0","turquoise",662,"CPSF2",0.276,25
"T7","Oligodendrocytes","0","turquoise",662,"BAZ1B",0.276,25
"T7","Oligodendrocytes","0","turquoise",662,"PPP6C",0.275,25
"T7","Oligodendrocytes","0","turquoise",662,"MAEA",0.275,25
"T7","Oligodendrocytes","0","turquoise",662,"PDHX",0.274,25
"T7","Oligodendrocytes","0","turquoise",662,"TRMT13",0.273,24
"T7","Oligodendrocytes","0","turquoise",662,"HS2ST1",0.273,24
"T7","Oligodendrocytes","0","turquoise",662,"CCNI",0.273,25
"T7","Oligodendrocytes","0","turquoise",662,"CHD2",0.272,24
"T7","Oligodendrocytes","0","turquoise",662,"TRIM23",0.272,24
"T7","Oligodendrocytes","0","turquoise",662,"STX18",0.271,24
"T7","Oligodendrocytes","0","turquoise",662,"UBA6",0.27,23
"T7","Oligodendrocytes","0","turquoise",662,"RC3H2",0.27,24
"T7","Oligodendrocytes","0","turquoise",662,"CALU",0.269,23
"T7","Oligodendrocytes","0","turquoise",662,"API5",0.269,23
"T7","Oligodendrocytes","0","turquoise",662,"GSK3B",0.269,23
"T7","Oligodendrocytes","0","turquoise",662,"RAB28",0.269,23
"T7","Oligodendrocytes","0","turquoise",662,"SHC4",0.268,23
"T7","Oligodendrocytes","0","turquoise",662,"PTBP3",0.266,23
"T7","Oligodendrocytes","0","turquoise",662,"MSL1",0.264,22
"T7","Oligodendrocytes","0","turquoise",662,"KIAA0232",0.263,22
"T7","Oligodendrocytes","0","turquoise",662,"ARFGEF1",0.262,22
"T7","Oligodendrocytes","0","turquoise",662,"TMEM106B",0.261,22
"T7","Oligodendrocytes","0","turquoise",662,"ICE2",0.261,22
"T7","Oligodendrocytes","0","turquoise",662,"CPPED1",0.261,22
"T7","Oligodendrocytes","0","turquoise",662,"EFCAB14",0.261,22
"T7","Oligodendrocytes","0","turquoise",662,"SGCB",0.26,21
"T7","Oligodendrocytes","0","turquoise",662,"FAM199X",0.26,21
"T7","Oligodendrocytes","0","turquoise",662,"INPP4A",0.258,21
"T7","Oligodendrocytes","0","turquoise",662,"SMARCA2",0.258,21
"T7","Oligodendrocytes","0","turquoise",662,"TBC1D15",0.256,21
"T7","Oligodendrocytes","0","turquoise",662,"GNAI3",0.254,21
"T7","Oligodendrocytes","0","turquoise",662,"UFL1",0.253,20
"T7","Oligodendrocytes","0","turquoise",662,"RAB11FIP2",0.253,20
"T7","Oligodendrocytes","0","turquoise",662,"ATL3",0.252,20
"T7","Oligodendrocytes","0","turquoise",662,"PRPF39",0.251,20
"T7","Oligodendrocytes","0","turquoise",662,"MTHFD2L",0.251,20
"T7","Oligodendrocytes","0","turquoise",662,"KATNBL1",0.25,20
"T7","Oligodendrocytes","0","turquoise",662,"THUMPD1",0.25,20
"T7","Oligodendrocytes","0","turquoise",662,"UHRF1BP1L",0.249,19
"T7","Oligodendrocytes","0","turquoise",662,"ATIC",0.249,19
"T7","Oligodendrocytes","0","turquoise",662,"DNHD1",0.248,19
"T7","Oligodendrocytes","0","turquoise",662,"ZNF678",0.247,19
"T7","Oligodendrocytes","0","turquoise",662,"ATF6",0.247,19
"T7","Oligodendrocytes","0","turquoise",662,"SOX10",0.246,19
"T7","Oligodendrocytes","0","turquoise",662,"IDH3A",0.246,19
"T7","Oligodendrocytes","0","turquoise",662,"AC096564.1",0.245,18
"T7","Oligodendrocytes","0","turquoise",662,"SACM1L",0.244,18
"T7","Oligodendrocytes","0","turquoise",662,"MTMR4",0.244,18
"T7","Oligodendrocytes","0","turquoise",662,"ZNF430",0.243,18
"T7","Oligodendrocytes","0","turquoise",662,"RLIM",0.243,18
"T7","Oligodendrocytes","0","turquoise",662,"STK4",0.24,17
"T7","Oligodendrocytes","0","turquoise",662,"KPNA6",0.24,18
"T7","Oligodendrocytes","0","turquoise",662,"LMAN1",0.239,17
"T7","Oligodendrocytes","0","turquoise",662,"RAPGEF3",0.234,17
"T7","Oligodendrocytes","0","turquoise",662,"FAM204A",0.234,17
"T7","Oligodendrocytes","0","turquoise",662,"GMDS",0.233,17
"T7","Oligodendrocytes","0","turquoise",662,"RBBP5",0.233,17
"T7","Oligodendrocytes","0","turquoise",662,"CTNNB1",0.231,17
"T7","Oligodendrocytes","0","turquoise",662,"RIC1",0.229,16
"T7","Oligodendrocytes","0","turquoise",662,"SGCE",0.229,16
"T7","Oligodendrocytes","0","turquoise",662,"MCMBP",0.228,16
"T7","Oligodendrocytes","0","turquoise",662,"ABCE1",0.228,16
"T7","Oligodendrocytes","0","turquoise",662,"SIPA1L2",0.228,16
"T7","Oligodendrocytes","0","turquoise",662,"MCM9",0.228,16
"T7","Oligodendrocytes","0","turquoise",662,"PREX2",0.223,15
"T7","Oligodendrocytes","0","turquoise",662,"FAM120C",0.223,15
"T7","Oligodendrocytes","0","turquoise",662,"UHRF2",0.223,15
"T7","Oligodendrocytes","0","turquoise",662,"ACSL1",0.221,15
"T7","Oligodendrocytes","0","turquoise",662,"WASL",0.22,15
"T7","Oligodendrocytes","0","turquoise",662,"RRAGB",0.219,15
"T7","Oligodendrocytes","0","turquoise",662,"CAPZA2",0.218,15
"T7","Oligodendrocytes","0","turquoise",662,"VTA1",0.217,14
"T7","Oligodendrocytes","0","turquoise",662,"AGFG1",0.215,14
"T7","Oligodendrocytes","0","turquoise",662,"ANKRD36C",0.213,14
"T7","Oligodendrocytes","0","turquoise",662,"USP12",0.212,14
"T7","Oligodendrocytes","0","turquoise",662,"TRIP12",0.209,14
"T7","Oligodendrocytes","0","turquoise",662,"TRAM1",0.207,14
"T7","Oligodendrocytes","0","turquoise",662,"ERCC6",0.207,14
"T7","Oligodendrocytes","0","turquoise",662,"CKMT2-AS1",0.206,13
"T7","Oligodendrocytes","0","turquoise",662,"ASCC3",0.205,13
"T7","Oligodendrocytes","0","turquoise",662,"MRPL1",0.205,13
"T7","Oligodendrocytes","0","turquoise",662,"POLR3B",0.204,13
"T7","Oligodendrocytes","0","turquoise",662,"AC074032.1",0.204,13
"T7","Oligodendrocytes","0","turquoise",662,"PNN",0.201,13
"T7","Oligodendrocytes","0","turquoise",662,"CSE1L",0.2,12
"T7","Oligodendrocytes","0","turquoise",662,"PKN2",0.199,12
"T7","Oligodendrocytes","0","turquoise",662,"ANKRD36",0.198,12
"T7","Oligodendrocytes","0","turquoise",662,"SYNCRIP",0.197,12
"T7","Oligodendrocytes","0","turquoise",662,"CHD8",0.193,12
"T7","Oligodendrocytes","0","turquoise",662,"MED4",0.192,12
"T7","Oligodendrocytes","0","turquoise",662,"COPS2",0.192,12
"T7","Oligodendrocytes","0","turquoise",662,"CWC22",0.191,11
"T7","Oligodendrocytes","0","turquoise",662,"FBXW7",0.189,11
"T7","Oligodendrocytes","0","turquoise",662,"DCAF10",0.188,11
"T7","Oligodendrocytes","0","turquoise",662,"CSNK2A2",0.187,11
"T7","Oligodendrocytes","0","turquoise",662,"ZNF91",0.186,11
"T7","Oligodendrocytes","0","turquoise",662,"LYRM7",0.186,11
"T7","Oligodendrocytes","0","turquoise",662,"TBK1",0.184,10
"T7","Oligodendrocytes","0","turquoise",662,"CCDC186",0.184,10
"T7","Oligodendrocytes","0","turquoise",662,"COX11",0.181,10
"T7","Oligodendrocytes","0","turquoise",662,"CNBP",0.18,10
"T7","Oligodendrocytes","0","turquoise",662,"ZNF138",0.177,10
"T7","Oligodendrocytes","0","turquoise",662,"SSX2IP",0.176,10
"T7","Oligodendrocytes","0","turquoise",662,"GFPT1",0.176,10
"T7","Oligodendrocytes","0","turquoise",662,"PUS7L",0.173,9
"T7","Oligodendrocytes","0","turquoise",662,"SMARCAD1",0.173,9
"T7","Oligodendrocytes","0","turquoise",662,"HACD2",0.173,9
"T7","Oligodendrocytes","0","turquoise",662,"SCAMP1",0.171,9
"T7","Oligodendrocytes","0","turquoise",662,"TRMT11",0.17,9
"T7","Oligodendrocytes","0","turquoise",662,"SLC25A40",0.169,9
"T7","Oligodendrocytes","0","turquoise",662,"SPOPL",0.168,9
"T7","Oligodendrocytes","0","turquoise",662,"SUPT5H",0.167,8
"T7","Oligodendrocytes","0","turquoise",662,"PIGK",0.166,8
"T7","Oligodendrocytes","0","turquoise",662,"CREBL2",0.165,8
"T7","Oligodendrocytes","0","turquoise",662,"STAU1",0.163,8
"T7","Oligodendrocytes","0","turquoise",662,"H3F3B",0.161,8
"T7","Oligodendrocytes","0","turquoise",662,"BRMS1L",0.159,8
"T7","Oligodendrocytes","0","turquoise",662,"EXOC6",0.158,7
"T7","Oligodendrocytes","0","turquoise",662,"BBS4",0.157,7
"T7","Oligodendrocytes","0","turquoise",662,"DAAM1",0.157,7
"T7","Oligodendrocytes","0","turquoise",662,"AOAH",0.155,7
"T7","Oligodendrocytes","0","turquoise",662,"UPF3B",0.155,7
"T7","Oligodendrocytes","0","turquoise",662,"NCOA3",0.154,7
"T7","Oligodendrocytes","0","turquoise",662,"NR6A1",0.153,7
"T7","Oligodendrocytes","0","turquoise",662,"NAMPT",0.152,6
"T7","Oligodendrocytes","0","turquoise",662,"OLA1",0.152,6
"T7","Oligodendrocytes","0","turquoise",662,"DUSP7",0.15,6
"T7","Oligodendrocytes","0","turquoise",662,"HACE1",0.149,6
"T7","Oligodendrocytes","0","turquoise",662,"TDRD7",0.146,6
"T7","Oligodendrocytes","0","turquoise",662,"PRRC2B",0.146,6
"T7","Oligodendrocytes","0","turquoise",662,"DERL1",0.145,5
"T7","Oligodendrocytes","0","turquoise",662,"HMGCS1",0.144,5
"T7","Oligodendrocytes","0","turquoise",662,"CTNNBL1",0.143,5
"T7","Oligodendrocytes","0","turquoise",662,"YTHDF3",0.142,5
"T7","Oligodendrocytes","0","turquoise",662,"CHUK",0.142,5
"T7","Oligodendrocytes","0","turquoise",662,"SLC4A7",0.141,5
"T7","Oligodendrocytes","0","turquoise",662,"PEX1",0.139,5
"T7","Oligodendrocytes","0","turquoise",662,"ATP6V0A2",0.138,4
"T7","Oligodendrocytes","0","turquoise",662,"PLAA",0.136,4
"T7","Oligodendrocytes","0","turquoise",662,"CUL2",0.136,4
"T7","Oligodendrocytes","0","turquoise",662,"ICE1",0.135,4
"T7","Oligodendrocytes","0","turquoise",662,"SCMH1",0.135,4
"T7","Oligodendrocytes","0","turquoise",662,"VAPB",0.133,4
"T7","Oligodendrocytes","0","turquoise",662,"SRSF6",0.131,4
"T7","Oligodendrocytes","0","turquoise",662,"DTNBP1",0.129,3
"T7","Oligodendrocytes","0","turquoise",662,"SPPL2A",0.129,3
"T7","Oligodendrocytes","0","turquoise",662,"ZMPSTE24",0.127,3
"T7","Oligodendrocytes","0","turquoise",662,"PRRC1",0.124,3
"T7","Oligodendrocytes","0","turquoise",662,"SRP9",0.123,3
"T7","Oligodendrocytes","0","turquoise",662,"NAPG",0.12,3
"T7","Oligodendrocytes","0","turquoise",662,"TSN",0.108,2
"T7","Oligodendrocytes","0","turquoise",662,"DNAJC10",0.108,2
"T7","Oligodendrocytes","0","turquoise",662,"ZNF107",0.104,2
"T7","Oligodendrocytes","0","turquoise",662,"AK9",0.1,2
"T7","Oligodendrocytes","0","turquoise",662,"BICD2",0.096,2
"T7","Oligodendrocytes","0","turquoise",662,"C1GALT1",0.095,2
"T7","Oligodendrocytes","0","turquoise",662,"NLN",0.093,2
"T7","Oligodendrocytes","0","turquoise",662,"IFNAR1",0.092,1
"T7","Oligodendrocytes","0","turquoise",662,"GRB2",0.087,1
"T7","Oligodendrocytes","0","turquoise",662,"EFHC1",0.087,1
"T7","Oligodendrocytes","0","turquoise",662,"RIOK3",0.087,1
"T7","Oligodendrocytes","0","turquoise",662,"NEK11",0.086,1
"T7","Oligodendrocytes","0","turquoise",662,"ERO1A",0.078,1
"T7","Oligodendrocytes","0","turquoise",662,"BRD3",0.075,0
"T7","Oligodendrocytes","0","red",523,"AGPAT4",0.906,100
"T7","Oligodendrocytes","0","red",523,"PSD3",0.887,100
"T7","Oligodendrocytes","0","red",523,"LMCD1-AS1",0.865,100
"T7","Oligodendrocytes","0","red",523,"DMD",0.864,100
"T7","Oligodendrocytes","0","red",523,"LDB3",0.857,100
"T7","Oligodendrocytes","0","red",523,"DOCK3",0.845,100
"T7","Oligodendrocytes","0","red",523,"CARNS1",0.844,99
"T7","Oligodendrocytes","0","red",523,"DLC1",0.841,99
"T7","Oligodendrocytes","0","red",523,"SVEP1",0.829,99
"T7","Oligodendrocytes","0","red",523,"AC053527.1",0.823,99
"T7","Oligodendrocytes","0","red",523,"ANKS1B",0.815,99
"T7","Oligodendrocytes","0","red",523,"PLEKHG1",0.813,98
"T7","Oligodendrocytes","0","red",523,"RASGRF2",0.811,98
"T7","Oligodendrocytes","0","red",523,"TP53TG5",0.809,98
"T7","Oligodendrocytes","0","red",523,"PHLDB1",0.809,98
"T7","Oligodendrocytes","0","red",523,"BCAS1",0.806,98
"T7","Oligodendrocytes","0","red",523,"EFCAB11",0.804,97
"T7","Oligodendrocytes","0","red",523,"BAZ2B",0.798,97
"T7","Oligodendrocytes","0","red",523,"AL138881.1",0.793,97
"T7","Oligodendrocytes","0","red",523,"DAPK2",0.792,97
"T7","Oligodendrocytes","0","red",523,"SH3TC2-DT",0.792,97
"T7","Oligodendrocytes","0","red",523,"PDE4D",0.789,96
"T7","Oligodendrocytes","0","red",523,"CNTNAP4",0.786,96
"T7","Oligodendrocytes","0","red",523,"SLC9B1",0.785,96
"T7","Oligodendrocytes","0","red",523,"GLDN",0.783,96
"T7","Oligodendrocytes","0","red",523,"LINC01505",0.783,96
"T7","Oligodendrocytes","0","red",523,"AC012593.1",0.782,96
"T7","Oligodendrocytes","0","red",523,"TBC1D2",0.779,95
"T7","Oligodendrocytes","0","red",523,"PWRN1",0.777,95
"T7","Oligodendrocytes","0","red",523,"MOG",0.776,95
"T7","Oligodendrocytes","0","red",523,"AIG1",0.773,95
"T7","Oligodendrocytes","0","red",523,"SEMA3B",0.768,95
"T7","Oligodendrocytes","0","red",523,"ZNF280D",0.767,94
"T7","Oligodendrocytes","0","red",523,"MGAT5",0.762,94
"T7","Oligodendrocytes","0","red",523,"SGK2",0.755,94
"T7","Oligodendrocytes","0","red",523,"PTN",0.752,94
"T7","Oligodendrocytes","0","red",523,"AC021231.1",0.752,94
"T7","Oligodendrocytes","0","red",523,"AC104596.1",0.748,93
"T7","Oligodendrocytes","0","red",523,"KCNAB1",0.747,93
"T7","Oligodendrocytes","0","red",523,"NRBP2",0.742,93
"T7","Oligodendrocytes","0","red",523,"PARD3B",0.742,93
"T7","Oligodendrocytes","0","red",523,"PLCL2",0.735,93
"T7","Oligodendrocytes","0","red",523,"PKP4",0.734,92
"T7","Oligodendrocytes","0","red",523,"CYP7B1",0.728,92
"T7","Oligodendrocytes","0","red",523,"DNM1L",0.727,92
"T7","Oligodendrocytes","0","red",523,"AC092958.1",0.727,92
"T7","Oligodendrocytes","0","red",523,"CCDC91",0.725,92
"T7","Oligodendrocytes","0","red",523,"SAMD12",0.724,91
"T7","Oligodendrocytes","0","red",523,"FRY",0.723,91
"T7","Oligodendrocytes","0","red",523,"TRAF3IP2-AS1",0.719,91
"T7","Oligodendrocytes","0","red",523,"LINC02340",0.718,91
"T7","Oligodendrocytes","0","red",523,"RETREG1",0.718,91
"T7","Oligodendrocytes","0","red",523,"ATP9B",0.715,91
"T7","Oligodendrocytes","0","red",523,"GRIA3",0.712,90
"T7","Oligodendrocytes","0","red",523,"PLGRKT",0.707,90
"T7","Oligodendrocytes","0","red",523,"HEPH",0.707,90
"T7","Oligodendrocytes","0","red",523,"AC239809.3",0.707,90
"T7","Oligodendrocytes","0","red",523,"AL359091.1",0.701,89
"T7","Oligodendrocytes","0","red",523,"FGFR2",0.701,89
"T7","Oligodendrocytes","0","red",523,"SH3PXD2A",0.701,90
"T7","Oligodendrocytes","0","red",523,"PCBP4",0.7,89
"T7","Oligodendrocytes","0","red",523,"MRPS30-DT",0.7,89
"T7","Oligodendrocytes","0","red",523,"NRXN1",0.699,89
"T7","Oligodendrocytes","0","red",523,"DPYD",0.698,88
"T7","Oligodendrocytes","0","red",523,"TESK2",0.697,88
"T7","Oligodendrocytes","0","red",523,"AC087564.1",0.695,88
"T7","Oligodendrocytes","0","red",523,"GREB1L",0.695,88
"T7","Oligodendrocytes","0","red",523,"RAD51B",0.694,88
"T7","Oligodendrocytes","0","red",523,"GRIK2",0.693,87
"T7","Oligodendrocytes","0","red",523,"METTL15",0.693,87
"T7","Oligodendrocytes","0","red",523,"CD55",0.69,87
"T7","Oligodendrocytes","0","red",523,"GLIPR2",0.69,87
"T7","Oligodendrocytes","0","red",523,"DPP10",0.689,87
"T7","Oligodendrocytes","0","red",523,"HYDIN",0.689,87
"T7","Oligodendrocytes","0","red",523,"INPP4B",0.687,86
"T7","Oligodendrocytes","0","red",523,"CPS1",0.687,86
"T7","Oligodendrocytes","0","red",523,"MYO5A",0.685,86
"T7","Oligodendrocytes","0","red",523,"GRIK4",0.684,86
"T7","Oligodendrocytes","0","red",523,"AKAP6",0.683,85
"T7","Oligodendrocytes","0","red",523,"SAMD4B",0.683,86
"T7","Oligodendrocytes","0","red",523,"AC007262.2",0.682,85
"T7","Oligodendrocytes","0","red",523,"MYEF2",0.681,85
"T7","Oligodendrocytes","0","red",523,"GAS7",0.677,85
"T7","Oligodendrocytes","0","red",523,"CFTR",0.673,85
"T7","Oligodendrocytes","0","red",523,"AC006030.1",0.67,84
"T7","Oligodendrocytes","0","red",523,"PPP1R12B",0.668,84
"T7","Oligodendrocytes","0","red",523,"INTU",0.667,84
"T7","Oligodendrocytes","0","red",523,"AC138627.1",0.666,83
"T7","Oligodendrocytes","0","red",523,"FHIT",0.666,84
"T7","Oligodendrocytes","0","red",523,"STRN",0.666,84
"T7","Oligodendrocytes","0","red",523,"APBB2",0.665,83
"T7","Oligodendrocytes","0","red",523,"ITGAV",0.665,83
"T7","Oligodendrocytes","0","red",523,"ITGA2",0.665,83
"T7","Oligodendrocytes","0","red",523,"FAR1",0.664,83
"T7","Oligodendrocytes","0","red",523,"LINC01411",0.663,82
"T7","Oligodendrocytes","0","red",523,"UBE2E3",0.662,82
"T7","Oligodendrocytes","0","red",523,"ADAMTS4",0.662,82
"T7","Oligodendrocytes","0","red",523,"CCDC102B",0.657,82
"T7","Oligodendrocytes","0","red",523,"JMJD1C",0.656,82
"T7","Oligodendrocytes","0","red",523,"TPK1",0.654,81
"T7","Oligodendrocytes","0","red",523,"TRPM6",0.654,81
"T7","Oligodendrocytes","0","red",523,"SNX29",0.654,82
"T7","Oligodendrocytes","0","red",523,"KCTD8",0.653,81
"T7","Oligodendrocytes","0","red",523,"EFS",0.652,81
"T7","Oligodendrocytes","0","red",523,"TTN-AS1",0.651,81
"T7","Oligodendrocytes","0","red",523,"MIR4300HG",0.65,80
"T7","Oligodendrocytes","0","red",523,"SAMMSON",0.649,80
"T7","Oligodendrocytes","0","red",523,"ARSI",0.645,80
"T7","Oligodendrocytes","0","red",523,"SEMA6A",0.645,80
"T7","Oligodendrocytes","0","red",523,"CCDC82",0.644,79
"T7","Oligodendrocytes","0","red",523,"ELOVL6",0.644,79
"T7","Oligodendrocytes","0","red",523,"TNS2",0.644,80
"T7","Oligodendrocytes","0","red",523,"RECK",0.633,79
"T7","Oligodendrocytes","0","red",523,"XRCC4",0.632,79
"T7","Oligodendrocytes","0","red",523,"SRCIN1",0.632,79
"T7","Oligodendrocytes","0","red",523,"FAM178B",0.63,78
"T7","Oligodendrocytes","0","red",523,"ELL2",0.628,78
"T7","Oligodendrocytes","0","red",523,"ZNF438",0.626,78
"T7","Oligodendrocytes","0","red",523,"SCFD2",0.625,78
"T7","Oligodendrocytes","0","red",523,"NEGR1",0.621,78
"T7","Oligodendrocytes","0","red",523,"CCM2",0.615,78
"T7","Oligodendrocytes","0","red",523,"GFOD1",0.614,77
"T7","Oligodendrocytes","0","red",523,"ATP2B4",0.613,77
"T7","Oligodendrocytes","0","red",523,"CNTN1",0.613,77
"T7","Oligodendrocytes","0","red",523,"GRIA2",0.613,77
"T7","Oligodendrocytes","0","red",523,"AC016705.2",0.609,77
"T7","Oligodendrocytes","0","red",523,"HMGN2",0.608,76
"T7","Oligodendrocytes","0","red",523,"RASSF8-AS1",0.607,76
"T7","Oligodendrocytes","0","red",523,"ATP6AP1L",0.607,76
"T7","Oligodendrocytes","0","red",523,"FAM124A",0.606,76
"T7","Oligodendrocytes","0","red",523,"PCNX2",0.606,76
"T7","Oligodendrocytes","0","red",523,"RANBP17",0.605,75
"T7","Oligodendrocytes","0","red",523,"MSRA",0.605,75
"T7","Oligodendrocytes","0","red",523,"SECISBP2L",0.605,75
"T7","Oligodendrocytes","0","red",523,"CTTNBP2",0.603,75
"T7","Oligodendrocytes","0","red",523,"FBXW8",0.603,75
"T7","Oligodendrocytes","0","red",523,"C2CD6",0.602,74
"T7","Oligodendrocytes","0","red",523,"AL359710.1",0.597,74
"T7","Oligodendrocytes","0","red",523,"OSTF1",0.596,74
"T7","Oligodendrocytes","0","red",523,"POC1B-AS1",0.596,74
"T7","Oligodendrocytes","0","red",523,"ZKSCAN1",0.596,74
"T7","Oligodendrocytes","0","red",523,"AC104151.1",0.595,73
"T7","Oligodendrocytes","0","red",523,"DANT2",0.595,73
"T7","Oligodendrocytes","0","red",523,"TET3",0.594,73
"T7","Oligodendrocytes","0","red",523,"RABGAP1L",0.594,73
"T7","Oligodendrocytes","0","red",523,"TPM4",0.591,73
"T7","Oligodendrocytes","0","red",523,"SYT14",0.589,73
"T7","Oligodendrocytes","0","red",523,"TSPAN5",0.588,72
"T7","Oligodendrocytes","0","red",523,"SF1",0.588,72
"T7","Oligodendrocytes","0","red",523,"SH3GL3",0.587,72
"T7","Oligodendrocytes","0","red",523,"CSMD2",0.584,72
"T7","Oligodendrocytes","0","red",523,"TBL1X",0.584,72
"T7","Oligodendrocytes","0","red",523,"SH3BP5",0.58,71
"T7","Oligodendrocytes","0","red",523,"SLC25A36",0.58,71
"T7","Oligodendrocytes","0","red",523,"CPB2-AS1",0.58,71
"T7","Oligodendrocytes","0","red",523,"RCAN2",0.579,71
"T7","Oligodendrocytes","0","red",523,"VLDLR-AS1",0.579,71
"T7","Oligodendrocytes","0","red",523,"RPS6KA2",0.578,70
"T7","Oligodendrocytes","0","red",523,"SLC13A3",0.577,70
"T7","Oligodendrocytes","0","red",523,"CSRNP3",0.576,70
"T7","Oligodendrocytes","0","red",523,"VSTM2B",0.57,70
"T7","Oligodendrocytes","0","red",523,"MTHFD1L",0.57,70
"T7","Oligodendrocytes","0","red",523,"NBPF12",0.569,69
"T7","Oligodendrocytes","0","red",523,"MAP9",0.568,69
"T7","Oligodendrocytes","0","red",523,"AC116366.3",0.564,69
"T7","Oligodendrocytes","0","red",523,"DCLK2",0.562,69
"T7","Oligodendrocytes","0","red",523,"NEDD4L",0.561,69
"T7","Oligodendrocytes","0","red",523,"KCNMA1",0.561,69
"T7","Oligodendrocytes","0","red",523,"EEFSEC",0.56,68
"T7","Oligodendrocytes","0","red",523,"JAZF1",0.56,68
"T7","Oligodendrocytes","0","red",523,"NCBP3",0.56,68
"T7","Oligodendrocytes","0","red",523,"SLC9A9",0.559,68
"T7","Oligodendrocytes","0","red",523,"TSEN2",0.558,67
"T7","Oligodendrocytes","0","red",523,"CSMD1",0.558,68
"T7","Oligodendrocytes","0","red",523,"AC025159.1",0.557,67
"T7","Oligodendrocytes","0","red",523,"NAV3",0.555,67
"T7","Oligodendrocytes","0","red",523,"SLC4A8",0.554,67
"T7","Oligodendrocytes","0","red",523,"AC083798.2",0.551,66
"T7","Oligodendrocytes","0","red",523,"LUC7L2",0.551,67
"T7","Oligodendrocytes","0","red",523,"HDAC9",0.548,66
"T7","Oligodendrocytes","0","red",523,"MAGI1",0.548,66
"T7","Oligodendrocytes","0","red",523,"MDGA2",0.547,66
"T7","Oligodendrocytes","0","red",523,"CCDC149",0.545,66
"T7","Oligodendrocytes","0","red",523,"ZFHX3",0.544,65
"T7","Oligodendrocytes","0","red",523,"OSBPL1A",0.544,65
"T7","Oligodendrocytes","0","red",523,"ENTPD1-AS1",0.541,65
"T7","Oligodendrocytes","0","red",523,"HMGN1",0.54,65
"T7","Oligodendrocytes","0","red",523,"AC027117.2",0.538,64
"T7","Oligodendrocytes","0","red",523,"CCDC112",0.538,65
"T7","Oligodendrocytes","0","red",523,"SNAP91",0.537,64
"T7","Oligodendrocytes","0","red",523,"LDAH",0.537,64
"T7","Oligodendrocytes","0","red",523,"DLG2",0.537,64
"T7","Oligodendrocytes","0","red",523,"ECHDC1",0.529,64
"T7","Oligodendrocytes","0","red",523,"PTPDC1",0.526,64
"T7","Oligodendrocytes","0","red",523,"MYSM1",0.522,63
"T7","Oligodendrocytes","0","red",523,"CCDC171",0.521,63
"T7","Oligodendrocytes","0","red",523,"RORA-AS1",0.518,63
"T7","Oligodendrocytes","0","red",523,"KEL",0.516,63
"T7","Oligodendrocytes","0","red",523,"ABHD18",0.515,62
"T7","Oligodendrocytes","0","red",523,"ZRANB3",0.515,63
"T7","Oligodendrocytes","0","red",523,"LIPE-AS1",0.514,62
"T7","Oligodendrocytes","0","red",523,"TTF2",0.513,62
"T7","Oligodendrocytes","0","red",523,"SFXN1",0.513,62
"T7","Oligodendrocytes","0","red",523,"Z93930.2",0.512,61
"T7","Oligodendrocytes","0","red",523,"MPP2",0.512,62
"T7","Oligodendrocytes","0","red",523,"NLGN4X",0.508,61
"T7","Oligodendrocytes","0","red",523,"ATG14",0.505,61
"T7","Oligodendrocytes","0","red",523,"ARFGAP1",0.504,60
"T7","Oligodendrocytes","0","red",523,"CCDC7",0.504,61
"T7","Oligodendrocytes","0","red",523,"FAM155A",0.504,61
"T7","Oligodendrocytes","0","red",523,"MICU3",0.501,60
"T7","Oligodendrocytes","0","red",523,"EVL",0.501,60
"T7","Oligodendrocytes","0","red",523,"MEIS1",0.501,60
"T7","Oligodendrocytes","0","red",523,"REV3L",0.501,60
"T7","Oligodendrocytes","0","red",523,"NSUN3",0.499,60
"T7","Oligodendrocytes","0","red",523,"PTPRE",0.498,59
"T7","Oligodendrocytes","0","red",523,"ARMCX4",0.497,59
"T7","Oligodendrocytes","0","red",523,"LINC01473",0.496,59
"T7","Oligodendrocytes","0","red",523,"SYTL2",0.495,59
"T7","Oligodendrocytes","0","red",523,"NOVA1",0.495,59
"T7","Oligodendrocytes","0","red",523,"ETV6",0.494,58
"T7","Oligodendrocytes","0","red",523,"BACE1",0.494,58
"T7","Oligodendrocytes","0","red",523,"SPIN1",0.494,58
"T7","Oligodendrocytes","0","red",523,"SAMD4A",0.494,58
"T7","Oligodendrocytes","0","red",523,"CACNA2D1",0.49,58
"T7","Oligodendrocytes","0","red",523,"FAAH",0.489,57
"T7","Oligodendrocytes","0","red",523,"MGAT3",0.485,57
"T7","Oligodendrocytes","0","red",523,"ERICH1",0.484,57
"T7","Oligodendrocytes","0","red",523,"IFI16",0.483,56
"T7","Oligodendrocytes","0","red",523,"TMEM168",0.483,57
"T7","Oligodendrocytes","0","red",523,"ZNF682",0.483,57
"T7","Oligodendrocytes","0","red",523,"C19orf12",0.482,56
"T7","Oligodendrocytes","0","red",523,"SLC25A13",0.482,56
"T7","Oligodendrocytes","0","red",523,"EPB41L3",0.481,56
"T7","Oligodendrocytes","0","red",523,"FAM13C",0.479,56
"T7","Oligodendrocytes","0","red",523,"GAS2",0.477,55
"T7","Oligodendrocytes","0","red",523,"CCDC50",0.477,55
"T7","Oligodendrocytes","0","red",523,"CNOT9",0.475,55
"T7","Oligodendrocytes","0","red",523,"ATP13A4",0.472,55
"T7","Oligodendrocytes","0","red",523,"FBXL2",0.472,55
"T7","Oligodendrocytes","0","red",523,"FAM168A",0.472,55
"T7","Oligodendrocytes","0","red",523,"MYO9A",0.471,54
"T7","Oligodendrocytes","0","red",523,"STK25",0.471,54
"T7","Oligodendrocytes","0","red",523,"PLA2G6",0.469,54
"T7","Oligodendrocytes","0","red",523,"RNF180",0.468,54
"T7","Oligodendrocytes","0","red",523,"ABLIM3",0.467,53
"T7","Oligodendrocytes","0","red",523,"SPPL2B",0.467,54
"T7","Oligodendrocytes","0","red",523,"SATB2",0.466,53
"T7","Oligodendrocytes","0","red",523,"ZNF226",0.464,53
"T7","Oligodendrocytes","0","red",523,"APBB1",0.462,53
"T7","Oligodendrocytes","0","red",523,"ADAMTS18",0.461,53
"T7","Oligodendrocytes","0","red",523,"ABLIM2",0.46,52
"T7","Oligodendrocytes","0","red",523,"DTNB",0.46,52
"T7","Oligodendrocytes","0","red",523,"OSBPL5",0.459,52
"T7","Oligodendrocytes","0","red",523,"SCP2",0.457,52
"T7","Oligodendrocytes","0","red",523,"GTF2IRD1",0.457,52
"T7","Oligodendrocytes","0","red",523,"SDCCAG8",0.453,51
"T7","Oligodendrocytes","0","red",523,"TMPRSS5",0.453,51
"T7","Oligodendrocytes","0","red",523,"ATP6V0A1",0.453,51
"T7","Oligodendrocytes","0","red",523,"APIP",0.453,51
"T7","Oligodendrocytes","0","red",523,"AC015712.4",0.453,51
"T7","Oligodendrocytes","0","red",523,"PRR18",0.451,50
"T7","Oligodendrocytes","0","red",523,"FRMD4A",0.451,50
"T7","Oligodendrocytes","0","red",523,"MYO1E",0.45,50
"T7","Oligodendrocytes","0","red",523,"PRKCB",0.449,50
"T7","Oligodendrocytes","0","red",523,"SH3GLB2",0.449,50
"T7","Oligodendrocytes","0","red",523,"LURAP1L-AS1",0.449,50
"T7","Oligodendrocytes","0","red",523,"CCZ1B",0.448,49
"T7","Oligodendrocytes","0","red",523,"LETMD1",0.448,49
"T7","Oligodendrocytes","0","red",523,"SGIP1",0.448,49
"T7","Oligodendrocytes","0","red",523,"STX8",0.445,49
"T7","Oligodendrocytes","0","red",523,"APOOL",0.444,49
"T7","Oligodendrocytes","0","red",523,"MAGT1",0.443,48
"T7","Oligodendrocytes","0","red",523,"AL356599.1",0.443,48
"T7","Oligodendrocytes","0","red",523,"ATP10B",0.441,48
"T7","Oligodendrocytes","0","red",523,"ALOX12-AS1",0.44,48
"T7","Oligodendrocytes","0","red",523,"TTLL11",0.436,48
"T7","Oligodendrocytes","0","red",523,"NDUFS4",0.434,47
"T7","Oligodendrocytes","0","red",523,"CDK5RAP1",0.431,47
"T7","Oligodendrocytes","0","red",523,"DECR1",0.431,47
"T7","Oligodendrocytes","0","red",523,"LRP1B",0.431,47
"T7","Oligodendrocytes","0","red",523,"NAV2",0.431,47
"T7","Oligodendrocytes","0","red",523,"AL445250.1",0.429,46
"T7","Oligodendrocytes","0","red",523,"ZDHHC14",0.429,46
"T7","Oligodendrocytes","0","red",523,"YTHDC2",0.429,46
"T7","Oligodendrocytes","0","red",523,"TXNDC15",0.428,46
"T7","Oligodendrocytes","0","red",523,"SLC10A7",0.427,46
"T7","Oligodendrocytes","0","red",523,"AC108047.1",0.427,46
"T7","Oligodendrocytes","0","red",523,"CEP83",0.425,45
"T7","Oligodendrocytes","0","red",523,"ZDHHC21",0.424,45
"T7","Oligodendrocytes","0","red",523,"GEMIN8",0.423,45
"T7","Oligodendrocytes","0","red",523,"ZNF793",0.422,45
"T7","Oligodendrocytes","0","red",523,"RALY",0.422,45
"T7","Oligodendrocytes","0","red",523,"INTS10",0.417,44
"T7","Oligodendrocytes","0","red",523,"COPS8",0.417,44
"T7","Oligodendrocytes","0","red",523,"ZNF3",0.416,44
"T7","Oligodendrocytes","0","red",523,"SLC15A4",0.415,44
"T7","Oligodendrocytes","0","red",523,"PRKAB2",0.413,43
"T7","Oligodendrocytes","0","red",523,"GPATCH2",0.413,44
"T7","Oligodendrocytes","0","red",523,"ARPC2",0.412,43
"T7","Oligodendrocytes","0","red",523,"CCSER1",0.412,43
"T7","Oligodendrocytes","0","red",523,"XPNPEP1",0.411,43
"T7","Oligodendrocytes","0","red",523,"TMEM246",0.411,43
"T7","Oligodendrocytes","0","red",523,"CHD1L",0.41,42
"T7","Oligodendrocytes","0","red",523,"ACTN2",0.41,42
"T7","Oligodendrocytes","0","red",523,"VPS41",0.404,42
"T7","Oligodendrocytes","0","red",523,"FAM172A",0.404,42
"T7","Oligodendrocytes","0","red",523,"RIC3",0.404,42
"T7","Oligodendrocytes","0","red",523,"MSN",0.401,41
"T7","Oligodendrocytes","0","red",523,"SLC16A7",0.4,41
"T7","Oligodendrocytes","0","red",523,"DICER1-AS1",0.398,41
"T7","Oligodendrocytes","0","red",523,"NUPL2",0.398,41
"T7","Oligodendrocytes","0","red",523,"AGTPBP1",0.398,41
"T7","Oligodendrocytes","0","red",523,"ZFP64",0.396,41
"T7","Oligodendrocytes","0","red",523,"WDR1",0.395,40
"T7","Oligodendrocytes","0","red",523,"TMEM87B",0.391,40
"T7","Oligodendrocytes","0","red",523,"AL121761.1",0.391,40
"T7","Oligodendrocytes","0","red",523,"MRPS27",0.39,39
"T7","Oligodendrocytes","0","red",523,"POLR3G",0.39,40
"T7","Oligodendrocytes","0","red",523,"AC108866.1",0.39,40
"T7","Oligodendrocytes","0","red",523,"KALRN",0.389,39
"T7","Oligodendrocytes","0","red",523,"AC068888.1",0.388,39
"T7","Oligodendrocytes","0","red",523,"AL160269.1",0.388,39
"T7","Oligodendrocytes","0","red",523,"CDYL",0.388,39
"T7","Oligodendrocytes","0","red",523,"ZNF589",0.387,38
"T7","Oligodendrocytes","0","red",523,"PTS",0.386,38
"T7","Oligodendrocytes","0","red",523,"FP700111.1",0.385,38
"T7","Oligodendrocytes","0","red",523,"ELAVL3",0.385,38
"T7","Oligodendrocytes","0","red",523,"AL162511.1",0.383,38
"T7","Oligodendrocytes","0","red",523,"DIAPH2",0.382,37
"T7","Oligodendrocytes","0","red",523,"DSCAM",0.381,37
"T7","Oligodendrocytes","0","red",523,"ATAD1",0.38,37
"T7","Oligodendrocytes","0","red",523,"DHX36",0.379,37
"T7","Oligodendrocytes","0","red",523,"GOLGA7",0.378,37
"T7","Oligodendrocytes","0","red",523,"SLC27A1",0.374,37
"T7","Oligodendrocytes","0","red",523,"SH3RF1",0.373,36
"T7","Oligodendrocytes","0","red",523,"AC009061.2",0.372,36
"T7","Oligodendrocytes","0","red",523,"WAC-AS1",0.37,36
"T7","Oligodendrocytes","0","red",523,"AMPD3",0.368,36
"T7","Oligodendrocytes","0","red",523,"MFSD8",0.366,36
"T7","Oligodendrocytes","0","red",523,"MAP3K13",0.364,35
"T7","Oligodendrocytes","0","red",523,"EIF4G3",0.363,35
"T7","Oligodendrocytes","0","red",523,"NSUN6",0.363,35
"T7","Oligodendrocytes","0","red",523,"COPZ1",0.363,35
"T7","Oligodendrocytes","0","red",523,"PHACTR1",0.363,35
"T7","Oligodendrocytes","0","red",523,"EIF2B1",0.36,34
"T7","Oligodendrocytes","0","red",523,"MBD5",0.359,34
"T7","Oligodendrocytes","0","red",523,"PIR",0.358,34
"T7","Oligodendrocytes","0","red",523,"VLDLR",0.358,34
"T7","Oligodendrocytes","0","red",523,"CCDC146",0.358,34
"T7","Oligodendrocytes","0","red",523,"PRKCA",0.357,33
"T7","Oligodendrocytes","0","red",523,"STARD3NL",0.357,33
"T7","Oligodendrocytes","0","red",523,"FLVCR1",0.356,33
"T7","Oligodendrocytes","0","red",523,"ELOVL5",0.355,33
"T7","Oligodendrocytes","0","red",523,"TBC1D9B",0.355,33
"T7","Oligodendrocytes","0","red",523,"DCAF8",0.354,32
"T7","Oligodendrocytes","0","red",523,"TMX3",0.349,32
"T7","Oligodendrocytes","0","red",523,"CTBP1",0.349,32
"T7","Oligodendrocytes","0","red",523,"FAM49B",0.346,32
"T7","Oligodendrocytes","0","red",523,"PPP6R2",0.346,32
"T7","Oligodendrocytes","0","red",523,"KHDRBS2",0.345,31
"T7","Oligodendrocytes","0","red",523,"KATNAL2",0.345,32
"T7","Oligodendrocytes","0","red",523,"RTKN",0.344,31
"T7","Oligodendrocytes","0","red",523,"AF165147.1",0.343,31
"T7","Oligodendrocytes","0","red",523,"CD47",0.343,31
"T7","Oligodendrocytes","0","red",523,"THUMPD2",0.343,31
"T7","Oligodendrocytes","0","red",523,"GART",0.342,30
"T7","Oligodendrocytes","0","red",523,"EXOC7",0.341,30
"T7","Oligodendrocytes","0","red",523,"ZMIZ2",0.341,30
"T7","Oligodendrocytes","0","red",523,"ZCCHC17",0.34,30
"T7","Oligodendrocytes","0","red",523,"CD99L2",0.339,30
"T7","Oligodendrocytes","0","red",523,"TMEM50B",0.338,29
"T7","Oligodendrocytes","0","red",523,"SOBP",0.337,29
"T7","Oligodendrocytes","0","red",523,"ZNF529",0.337,29
"T7","Oligodendrocytes","0","red",523,"NUP93",0.336,29
"T7","Oligodendrocytes","0","red",523,"SNX4",0.336,29
"T7","Oligodendrocytes","0","red",523,"STAT2",0.331,28
"T7","Oligodendrocytes","0","red",523,"RNF214",0.33,28
"T7","Oligodendrocytes","0","red",523,"ERC2",0.33,28
"T7","Oligodendrocytes","0","red",523,"GALNT15",0.329,27
"T7","Oligodendrocytes","0","red",523,"ZNF135",0.329,28
"T7","Oligodendrocytes","0","red",523,"FAM20B",0.329,28
"T7","Oligodendrocytes","0","red",523,"DNAJC27-AS1",0.329,28
"T7","Oligodendrocytes","0","red",523,"SETDB1",0.328,27
"T7","Oligodendrocytes","0","red",523,"TUBGCP5",0.325,27
"T7","Oligodendrocytes","0","red",523,"MON2",0.324,27
"T7","Oligodendrocytes","0","red",523,"CCNYL1",0.323,27
"T7","Oligodendrocytes","0","red",523,"MICALL1",0.322,26
"T7","Oligodendrocytes","0","red",523,"CAPS2",0.322,26
"T7","Oligodendrocytes","0","red",523,"ZNF248",0.321,26
"T7","Oligodendrocytes","0","red",523,"GPR155",0.318,26
"T7","Oligodendrocytes","0","red",523,"METTL6",0.318,26
"T7","Oligodendrocytes","0","red",523,"POLR1A",0.317,25
"T7","Oligodendrocytes","0","red",523,"NBN",0.316,25
"T7","Oligodendrocytes","0","red",523,"STPG1",0.315,25
"T7","Oligodendrocytes","0","red",523,"TPST1",0.313,25
"T7","Oligodendrocytes","0","red",523,"PDE4DIP",0.312,25
"T7","Oligodendrocytes","0","red",523,"CAPZB",0.31,24
"T7","Oligodendrocytes","0","red",523,"SHROOM4",0.309,24
"T7","Oligodendrocytes","0","red",523,"AFF3",0.309,24
"T7","Oligodendrocytes","0","red",523,"SLC12A9",0.308,24
"T7","Oligodendrocytes","0","red",523,"NOL9",0.306,24
"T7","Oligodendrocytes","0","red",523,"WDR25",0.304,23
"T7","Oligodendrocytes","0","red",523,"TLK1",0.302,23
"T7","Oligodendrocytes","0","red",523,"APH1B",0.3,23
"T7","Oligodendrocytes","0","red",523,"FSTL5",0.299,23
"T7","Oligodendrocytes","0","red",523,"CDKL2",0.299,23
"T7","Oligodendrocytes","0","red",523,"AC026316.5",0.297,23
"T7","Oligodendrocytes","0","red",523,"PSMD13",0.296,22
"T7","Oligodendrocytes","0","red",523,"MAN1A2",0.295,22
"T7","Oligodendrocytes","0","red",523,"CTDSPL",0.294,22
"T7","Oligodendrocytes","0","red",523,"HPS3",0.293,22
"T7","Oligodendrocytes","0","red",523,"ERAP1",0.291,21
"T7","Oligodendrocytes","0","red",523,"ANAPC7",0.291,22
"T7","Oligodendrocytes","0","red",523,"CHKA",0.29,21
"T7","Oligodendrocytes","0","red",523,"NFE2L2",0.289,21
"T7","Oligodendrocytes","0","red",523,"CYB5B",0.289,21
"T7","Oligodendrocytes","0","red",523,"ZNF76",0.287,20
"T7","Oligodendrocytes","0","red",523,"LURAP1",0.287,20
"T7","Oligodendrocytes","0","red",523,"TRIM16L",0.287,20
"T7","Oligodendrocytes","0","red",523,"FAM228B",0.287,21
"T7","Oligodendrocytes","0","red",523,"SEPT10",0.286,20
"T7","Oligodendrocytes","0","red",523,"TMTC2",0.284,20
"T7","Oligodendrocytes","0","red",523,"AC073342.1",0.282,19
"T7","Oligodendrocytes","0","red",523,"MCF2L2",0.282,19
"T7","Oligodendrocytes","0","red",523,"ZC3H13",0.281,19
"T7","Oligodendrocytes","0","red",523,"RBAK-RBAKDN",0.28,19
"T7","Oligodendrocytes","0","red",523,"AC007785.1",0.275,19
"T7","Oligodendrocytes","0","red",523,"RAB40C",0.274,18
"T7","Oligodendrocytes","0","red",523,"EIPR1",0.274,19
"T7","Oligodendrocytes","0","red",523,"GLB1",0.272,18
"T7","Oligodendrocytes","0","red",523,"NIFK-AS1",0.27,18
"T7","Oligodendrocytes","0","red",523,"PTPRF",0.268,18
"T7","Oligodendrocytes","0","red",523,"ARL6IP6",0.268,18
"T7","Oligodendrocytes","0","red",523,"SH3PXD2B",0.266,17
"T7","Oligodendrocytes","0","red",523,"C15orf40",0.264,17
"T7","Oligodendrocytes","0","red",523,"LINC02062",0.264,17
"T7","Oligodendrocytes","0","red",523,"VAC14",0.259,17
"T7","Oligodendrocytes","0","red",523,"SND1",0.259,17
"T7","Oligodendrocytes","0","red",523,"MACROD2",0.258,16
"T7","Oligodendrocytes","0","red",523,"CDC40",0.257,16
"T7","Oligodendrocytes","0","red",523,"FIRRE",0.256,16
"T7","Oligodendrocytes","0","red",523,"ZNF429",0.256,16
"T7","Oligodendrocytes","0","red",523,"HPS4",0.253,16
"T7","Oligodendrocytes","0","red",523,"KCNIP4",0.245,15
"T7","Oligodendrocytes","0","red",523,"PLEKHM2",0.244,15
"T7","Oligodendrocytes","0","red",523,"EPS8",0.244,15
"T7","Oligodendrocytes","0","red",523,"AGK",0.244,15
"T7","Oligodendrocytes","0","red",523,"LINC02210-CRHR1",0.239,15
"T7","Oligodendrocytes","0","red",523,"LARS2",0.238,14
"T7","Oligodendrocytes","0","red",523,"AC099669.1",0.236,14
"T7","Oligodendrocytes","0","red",523,"WASHC2C",0.229,14
"T7","Oligodendrocytes","0","red",523,"WBP11",0.229,14
"T7","Oligodendrocytes","0","red",523,"MARK1",0.228,13
"T7","Oligodendrocytes","0","red",523,"FAM98A",0.228,13
"T7","Oligodendrocytes","0","red",523,"SUPT6H",0.228,14
"T7","Oligodendrocytes","0","red",523,"DGKZ",0.228,14
"T7","Oligodendrocytes","0","red",523,"NNT",0.225,13
"T7","Oligodendrocytes","0","red",523,"PPP1R12C",0.223,13
"T7","Oligodendrocytes","0","red",523,"PRKN",0.223,13
"T7","Oligodendrocytes","0","red",523,"CLASRP",0.222,12
"T7","Oligodendrocytes","0","red",523,"ADCY3",0.222,12
"T7","Oligodendrocytes","0","red",523,"EXOC3",0.222,12
"T7","Oligodendrocytes","0","red",523,"SRP72",0.221,12
"T7","Oligodendrocytes","0","red",523,"AC005154.6",0.219,11
"T7","Oligodendrocytes","0","red",523,"GPR180",0.219,12
"T7","Oligodendrocytes","0","red",523,"AC113414.1",0.217,11
"T7","Oligodendrocytes","0","red",523,"AF117829.1",0.214,11
"T7","Oligodendrocytes","0","red",523,"MED24",0.214,11
"T7","Oligodendrocytes","0","red",523,"TRPS1",0.213,11
"T7","Oligodendrocytes","0","red",523,"LRRC63",0.212,10
"T7","Oligodendrocytes","0","red",523,"SCAPER",0.211,10
"T7","Oligodendrocytes","0","red",523,"ZNF43",0.207,10
"T7","Oligodendrocytes","0","red",523,"RPA1",0.2,10
"T7","Oligodendrocytes","0","red",523,"UBQLN2",0.198,10
"T7","Oligodendrocytes","0","red",523,"GOLIM4",0.194,9
"T7","Oligodendrocytes","0","red",523,"TRAPPC12",0.194,10
"T7","Oligodendrocytes","0","red",523,"CEP57L1",0.193,9
"T7","Oligodendrocytes","0","red",523,"CPNE3",0.191,9
"T7","Oligodendrocytes","0","red",523,"C21orf62-AS1",0.19,9
"T7","Oligodendrocytes","0","red",523,"HPS5",0.19,9
"T7","Oligodendrocytes","0","red",523,"DPH6-DT",0.188,8
"T7","Oligodendrocytes","0","red",523,"DNAJC11",0.185,8
"T7","Oligodendrocytes","0","red",523,"VPS53",0.183,8
"T7","Oligodendrocytes","0","red",523,"ELOA-AS1",0.183,8
"T7","Oligodendrocytes","0","red",523,"HIKESHI",0.183,8
"T7","Oligodendrocytes","0","red",523,"AC025682.1",0.181,7
"T7","Oligodendrocytes","0","red",523,"TMCO3",0.176,7
"T7","Oligodendrocytes","0","red",523,"ERBB4",0.175,7
"T7","Oligodendrocytes","0","red",523,"APTX",0.175,7
"T7","Oligodendrocytes","0","red",523,"USP20",0.17,6
"T7","Oligodendrocytes","0","red",523,"ANAPC4",0.17,7
"T7","Oligodendrocytes","0","red",523,"CPD",0.169,6
"T7","Oligodendrocytes","0","red",523,"SOCS7",0.168,6
"T7","Oligodendrocytes","0","red",523,"SLC35B3",0.167,6
"T7","Oligodendrocytes","0","red",523,"TMEM62",0.165,6
"T7","Oligodendrocytes","0","red",523,"HSDL2",0.164,5
"T7","Oligodendrocytes","0","red",523,"ASPHD1",0.163,5
"T7","Oligodendrocytes","0","red",523,"AC242426.2",0.162,5
"T7","Oligodendrocytes","0","red",523,"BRD4",0.152,5
"T7","Oligodendrocytes","0","red",523,"GATAD2A",0.147,5
"T7","Oligodendrocytes","0","red",523,"DNAJC9",0.144,5
"T7","Oligodendrocytes","0","red",523,"LRRC8D",0.141,4
"T7","Oligodendrocytes","0","red",523,"TOR1AIP1",0.139,4
"T7","Oligodendrocytes","0","red",523,"TNK2",0.138,4
"T7","Oligodendrocytes","0","red",523,"MTIF3",0.133,4
"T7","Oligodendrocytes","0","red",523,"YTHDF2",0.129,4
"T7","Oligodendrocytes","0","red",523,"LIAS",0.126,3
"T7","Oligodendrocytes","0","red",523,"TSTD2",0.126,3
"T7","Oligodendrocytes","0","red",523,"MAPK10",0.121,3
"T7","Oligodendrocytes","0","red",523,"TMEM248",0.12,3
"T7","Oligodendrocytes","0","red",523,"ZNF195",0.111,2
"T7","Oligodendrocytes","0","red",523,"ME2",0.111,3
"T7","Oligodendrocytes","0","red",523,"ABI1",0.109,2
"T7","Oligodendrocytes","0","red",523,"ZNF445",0.106,2
"T7","Oligodendrocytes","0","red",523,"PLEKHA8",0.106,2
"T7","Oligodendrocytes","0","red",523,"NDUFAF2",0.1,2
"T7","Oligodendrocytes","0","red",523,"HDGFL3",0.096,1
"T7","Oligodendrocytes","0","red",523,"TMTC4",0.093,1
"T7","Oligodendrocytes","0","red",523,"AC008438.1",0.089,1
"T7","Oligodendrocytes","0","red",523,"GARS",0.089,1
"T7","Oligodendrocytes","0","red",523,"MAST2",0.085,1
"T7","Oligodendrocytes","0","red",523,"TRAK2",0.075,0
"T7","Oligodendrocytes","0","purple",858,"DCC",0.826,100
"T7","Oligodendrocytes","0","purple",858,"FYN",0.798,100
"T7","Oligodendrocytes","0","purple",858,"ZNF532",0.786,100
"T7","Oligodendrocytes","0","purple",858,"FCHSD2",0.784,100
"T7","Oligodendrocytes","0","purple",858,"CDK19",0.768,100
"T7","Oligodendrocytes","0","purple",858,"CBFB",0.766,100
"T7","Oligodendrocytes","0","purple",858,"ARRDC3",0.764,100
"T7","Oligodendrocytes","0","purple",858,"ACACB",0.734,100
"T7","Oligodendrocytes","0","purple",858,"BACH2",0.727,100
"T7","Oligodendrocytes","0","purple",858,"KLHL3",0.724,99
"T7","Oligodendrocytes","0","purple",858,"SETD5",0.723,99
"T7","Oligodendrocytes","0","purple",858,"TBL1XR1",0.723,99
"T7","Oligodendrocytes","0","purple",858,"ACVR1C",0.721,99
"T7","Oligodendrocytes","0","purple",858,"LRIG1",0.719,99
"T7","Oligodendrocytes","0","purple",858,"CORO1C",0.713,99
"T7","Oligodendrocytes","0","purple",858,"ITSN2",0.712,99
"T7","Oligodendrocytes","0","purple",858,"ELMSAN1",0.71,99
"T7","Oligodendrocytes","0","purple",858,"PPP3CA",0.706,99
"T7","Oligodendrocytes","0","purple",858,"OSBPL9",0.704,98
"T7","Oligodendrocytes","0","purple",858,"CYBRD1",0.697,98
"T7","Oligodendrocytes","0","purple",858,"TCF4",0.694,98
"T7","Oligodendrocytes","0","purple",858,"LINC00320",0.692,98
"T7","Oligodendrocytes","0","purple",858,"OGA",0.69,98
"T7","Oligodendrocytes","0","purple",858,"DYSF",0.685,98
"T7","Oligodendrocytes","0","purple",858,"TEX2",0.684,98
"T7","Oligodendrocytes","0","purple",858,"ABCA1",0.683,98
"T7","Oligodendrocytes","0","purple",858,"TNIK",0.681,97
"T7","Oligodendrocytes","0","purple",858,"NFIA",0.681,97
"T7","Oligodendrocytes","0","purple",858,"FOXO3",0.677,97
"T7","Oligodendrocytes","0","purple",858,"VPS35L",0.677,97
"T7","Oligodendrocytes","0","purple",858,"PPP1R21",0.674,97
"T7","Oligodendrocytes","0","purple",858,"NAV1",0.673,97
"T7","Oligodendrocytes","0","purple",858,"RCOR3",0.673,97
"T7","Oligodendrocytes","0","purple",858,"ROBO1",0.669,97
"T7","Oligodendrocytes","0","purple",858,"CBFA2T2",0.667,97
"T7","Oligodendrocytes","0","purple",858,"BRAF",0.666,96
"T7","Oligodendrocytes","0","purple",858,"STARD9",0.665,96
"T7","Oligodendrocytes","0","purple",858,"KIF6",0.662,96
"T7","Oligodendrocytes","0","purple",858,"RRAGD",0.659,96
"T7","Oligodendrocytes","0","purple",858,"ARIH1",0.656,96
"T7","Oligodendrocytes","0","purple",858,"MLXIP",0.655,96
"T7","Oligodendrocytes","0","purple",858,"AL589740.1",0.655,96
"T7","Oligodendrocytes","0","purple",858,"KAT2B",0.646,95
"T7","Oligodendrocytes","0","purple",858,"MBTD1",0.646,96
"T7","Oligodendrocytes","0","purple",858,"PIAS2",0.645,95
"T7","Oligodendrocytes","0","purple",858,"AUH",0.644,95
"T7","Oligodendrocytes","0","purple",858,"UBE3C",0.643,95
"T7","Oligodendrocytes","0","purple",858,"TOM1L2",0.641,95
"T7","Oligodendrocytes","0","purple",858,"ATG2B",0.64,95
"T7","Oligodendrocytes","0","purple",858,"ZFPM2",0.639,95
"T7","Oligodendrocytes","0","purple",858,"CREB3L2",0.637,95
"T7","Oligodendrocytes","0","purple",858,"DENND4A",0.637,95
"T7","Oligodendrocytes","0","purple",858,"NUP58",0.635,94
"T7","Oligodendrocytes","0","purple",858,"SLC1A3",0.633,94
"T7","Oligodendrocytes","0","purple",858,"PPP2R5C",0.628,94
"T7","Oligodendrocytes","0","purple",858,"ARHGAP24",0.626,94
"T7","Oligodendrocytes","0","purple",858,"TENT2",0.626,94
"T7","Oligodendrocytes","0","purple",858,"SLC24A2",0.626,94
"T7","Oligodendrocytes","0","purple",858,"PDE7A",0.625,94
"T7","Oligodendrocytes","0","purple",858,"CDH8",0.624,93
"T7","Oligodendrocytes","0","purple",858,"RAB12",0.624,94
"T7","Oligodendrocytes","0","purple",858,"NFASC",0.623,93
"T7","Oligodendrocytes","0","purple",858,"ELP4",0.623,93
"T7","Oligodendrocytes","0","purple",858,"C1QTNF3-AMACR",0.623,93
"T7","Oligodendrocytes","0","purple",858,"KSR1",0.62,93
"T7","Oligodendrocytes","0","purple",858,"SORBS1",0.619,93
"T7","Oligodendrocytes","0","purple",858,"RNGTT",0.619,93
"T7","Oligodendrocytes","0","purple",858,"NIM1K",0.618,93
"T7","Oligodendrocytes","0","purple",858,"CBLB",0.617,93
"T7","Oligodendrocytes","0","purple",858,"KIRREL3",0.616,92
"T7","Oligodendrocytes","0","purple",858,"FAM135A",0.614,92
"T7","Oligodendrocytes","0","purple",858,"ARAP2",0.61,92
"T7","Oligodendrocytes","0","purple",858,"ZFHX4",0.609,92
"T7","Oligodendrocytes","0","purple",858,"LINC01792",0.609,92
"T7","Oligodendrocytes","0","purple",858,"ANXA4",0.608,92
"T7","Oligodendrocytes","0","purple",858,"UBR5",0.608,92
"T7","Oligodendrocytes","0","purple",858,"SYNDIG1",0.607,92
"T7","Oligodendrocytes","0","purple",858,"TMEM135",0.606,92
"T7","Oligodendrocytes","0","purple",858,"TAOK3",0.605,91
"T7","Oligodendrocytes","0","purple",858,"MED27",0.603,91
"T7","Oligodendrocytes","0","purple",858,"LINC00632",0.601,91
"T7","Oligodendrocytes","0","purple",858,"THADA",0.599,91
"T7","Oligodendrocytes","0","purple",858,"ZNF407",0.598,91
"T7","Oligodendrocytes","0","purple",858,"WAPL",0.596,91
"T7","Oligodendrocytes","0","purple",858,"SMG6",0.596,91
"T7","Oligodendrocytes","0","purple",858,"HERC1",0.596,91
"T7","Oligodendrocytes","0","purple",858,"FMNL3",0.594,90
"T7","Oligodendrocytes","0","purple",858,"SHLD2",0.594,90
"T7","Oligodendrocytes","0","purple",858,"SMARCC1",0.594,90
"T7","Oligodendrocytes","0","purple",858,"SPPL3",0.594,90
"T7","Oligodendrocytes","0","purple",858,"MBOAT2",0.593,90
"T7","Oligodendrocytes","0","purple",858,"IMMP2L",0.593,90
"T7","Oligodendrocytes","0","purple",858,"LINC02241",0.593,90
"T7","Oligodendrocytes","0","purple",858,"STX6",0.591,90
"T7","Oligodendrocytes","0","purple",858,"ATAD2B",0.589,89
"T7","Oligodendrocytes","0","purple",858,"ADD1",0.589,90
"T7","Oligodendrocytes","0","purple",858,"ZHX2",0.588,89
"T7","Oligodendrocytes","0","purple",858,"ARNT",0.588,89
"T7","Oligodendrocytes","0","purple",858,"BRWD3",0.587,89
"T7","Oligodendrocytes","0","purple",858,"TMEM131L",0.586,89
"T7","Oligodendrocytes","0","purple",858,"TNRC6C",0.586,89
"T7","Oligodendrocytes","0","purple",858,"WDR59",0.586,89
"T7","Oligodendrocytes","0","purple",858,"ANKRD13C",0.585,88
"T7","Oligodendrocytes","0","purple",858,"ARSB",0.585,89
"T7","Oligodendrocytes","0","purple",858,"TMEM260",0.584,88
"T7","Oligodendrocytes","0","purple",858,"PELI1",0.584,88
"T7","Oligodendrocytes","0","purple",858,"HIBADH",0.583,88
"T7","Oligodendrocytes","0","purple",858,"CNNM2",0.581,88
"T7","Oligodendrocytes","0","purple",858,"KDM3A",0.581,88
"T7","Oligodendrocytes","0","purple",858,"LENG8",0.581,88
"T7","Oligodendrocytes","0","purple",858,"CAMK2D",0.581,88
"T7","Oligodendrocytes","0","purple",858,"WDPCP",0.581,88
"T7","Oligodendrocytes","0","purple",858,"UBAP2",0.58,87
"T7","Oligodendrocytes","0","purple",858,"TMEM132C",0.579,87
"T7","Oligodendrocytes","0","purple",858,"PLXDC2",0.577,87
"T7","Oligodendrocytes","0","purple",858,"C9orf85",0.577,87
"T7","Oligodendrocytes","0","purple",858,"JARID2",0.575,87
"T7","Oligodendrocytes","0","purple",858,"TANGO6",0.574,87
"T7","Oligodendrocytes","0","purple",858,"MARK3",0.574,87
"T7","Oligodendrocytes","0","purple",858,"SBF2",0.573,87
"T7","Oligodendrocytes","0","purple",858,"BICD1",0.572,86
"T7","Oligodendrocytes","0","purple",858,"USP9X",0.572,86
"T7","Oligodendrocytes","0","purple",858,"ATG7",0.572,86
"T7","Oligodendrocytes","0","purple",858,"MCU",0.572,86
"T7","Oligodendrocytes","0","purple",858,"LATS1",0.57,86
"T7","Oligodendrocytes","0","purple",858,"POT1",0.57,86
"T7","Oligodendrocytes","0","purple",858,"NUP160",0.569,86
"T7","Oligodendrocytes","0","purple",858,"ARHGAP23",0.569,86
"T7","Oligodendrocytes","0","purple",858,"FNDC3A",0.563,86
"T7","Oligodendrocytes","0","purple",858,"ZNF347",0.562,85
"T7","Oligodendrocytes","0","purple",858,"DROSHA",0.561,85
"T7","Oligodendrocytes","0","purple",858,"KCTD20",0.561,85
"T7","Oligodendrocytes","0","purple",858,"NCOA2",0.56,85
"T7","Oligodendrocytes","0","purple",858,"DUBR",0.559,85
"T7","Oligodendrocytes","0","purple",858,"SAP130",0.559,85
"T7","Oligodendrocytes","0","purple",858,"TRAPPC11",0.557,85
"T7","Oligodendrocytes","0","purple",858,"PCBP3",0.555,85
"T7","Oligodendrocytes","0","purple",858,"RHBDD1",0.555,85
"T7","Oligodendrocytes","0","purple",858,"ARID2",0.553,84
"T7","Oligodendrocytes","0","purple",858,"TXNIP",0.553,84
"T7","Oligodendrocytes","0","purple",858,"CPEB4",0.552,84
"T7","Oligodendrocytes","0","purple",858,"EP400",0.552,84
"T7","Oligodendrocytes","0","purple",858,"PPM1D",0.551,84
"T7","Oligodendrocytes","0","purple",858,"MAPKAP1",0.551,84
"T7","Oligodendrocytes","0","purple",858,"TSC1",0.55,84
"T7","Oligodendrocytes","0","purple",858,"NFAT5",0.55,84
"T7","Oligodendrocytes","0","purple",858,"XPO7",0.549,83
"T7","Oligodendrocytes","0","purple",858,"ANKRD44",0.548,83
"T7","Oligodendrocytes","0","purple",858,"APPBP2",0.547,83
"T7","Oligodendrocytes","0","purple",858,"PELI2",0.546,83
"T7","Oligodendrocytes","0","purple",858,"COP1",0.546,83
"T7","Oligodendrocytes","0","purple",858,"TMEM117",0.545,83
"T7","Oligodendrocytes","0","purple",858,"MUC20-OT1",0.544,83
"T7","Oligodendrocytes","0","purple",858,"MYLIP",0.543,83
"T7","Oligodendrocytes","0","purple",858,"FOXO1",0.543,83
"T7","Oligodendrocytes","0","purple",858,"TIPARP",0.542,82
"T7","Oligodendrocytes","0","purple",858,"CMTM4",0.542,82
"T7","Oligodendrocytes","0","purple",858,"NFX1",0.542,82
"T7","Oligodendrocytes","0","purple",858,"SESTD1",0.54,82
"T7","Oligodendrocytes","0","purple",858,"SPSB1",0.539,82
"T7","Oligodendrocytes","0","purple",858,"DENND2A",0.539,82
"T7","Oligodendrocytes","0","purple",858,"NEK9",0.539,82
"T7","Oligodendrocytes","0","purple",858,"BTRC",0.538,81
"T7","Oligodendrocytes","0","purple",858,"ARMH3",0.538,81
"T7","Oligodendrocytes","0","purple",858,"ASAP2",0.538,81
"T7","Oligodendrocytes","0","purple",858,"SENP2",0.538,81
"T7","Oligodendrocytes","0","purple",858,"DEPTOR",0.538,82
"T7","Oligodendrocytes","0","purple",858,"USP13",0.537,81
"T7","Oligodendrocytes","0","purple",858,"SLC11A2",0.536,81
"T7","Oligodendrocytes","0","purple",858,"ZNF160",0.536,81
"T7","Oligodendrocytes","0","purple",858,"TRIM33",0.535,81
"T7","Oligodendrocytes","0","purple",858,"ZZEF1",0.533,80
"T7","Oligodendrocytes","0","purple",858,"ITCH",0.533,80
"T7","Oligodendrocytes","0","purple",858,"AP1G1",0.533,81
"T7","Oligodendrocytes","0","purple",858,"RPRD2",0.532,80
"T7","Oligodendrocytes","0","purple",858,"FMR1",0.531,80
"T7","Oligodendrocytes","0","purple",858,"ACBD6",0.531,80
"T7","Oligodendrocytes","0","purple",858,"RAPGEF2",0.531,80
"T7","Oligodendrocytes","0","purple",858,"CNN3",0.53,80
"T7","Oligodendrocytes","0","purple",858,"MICU1",0.53,80
"T7","Oligodendrocytes","0","purple",858,"KIF2A",0.529,79
"T7","Oligodendrocytes","0","purple",858,"FAM69A",0.529,79
"T7","Oligodendrocytes","0","purple",858,"FBXL20",0.528,79
"T7","Oligodendrocytes","0","purple",858,"CRB1",0.527,79
"T7","Oligodendrocytes","0","purple",858,"PPP2R2A",0.527,79
"T7","Oligodendrocytes","0","purple",858,"SOX2",0.527,79
"T7","Oligodendrocytes","0","purple",858,"NUMB",0.526,79
"T7","Oligodendrocytes","0","purple",858,"SPG11",0.525,79
"T7","Oligodendrocytes","0","purple",858,"TOGARAM1",0.524,78
"T7","Oligodendrocytes","0","purple",858,"SENP6",0.524,78
"T7","Oligodendrocytes","0","purple",858,"GATAD2B",0.524,79
"T7","Oligodendrocytes","0","purple",858,"VPS13D",0.522,78
"T7","Oligodendrocytes","0","purple",858,"PTPRJ",0.522,78
"T7","Oligodendrocytes","0","purple",858,"FARP2",0.522,78
"T7","Oligodendrocytes","0","purple",858,"ELP2",0.521,78
"T7","Oligodendrocytes","0","purple",858,"NUP98",0.521,78
"T7","Oligodendrocytes","0","purple",858,"CELF1",0.52,78
"T7","Oligodendrocytes","0","purple",858,"LINC02177",0.52,78
"T7","Oligodendrocytes","0","purple",858,"WHRN",0.519,77
"T7","Oligodendrocytes","0","purple",858,"ETNK1",0.518,77
"T7","Oligodendrocytes","0","purple",858,"RARS2",0.518,77
"T7","Oligodendrocytes","0","purple",858,"ATL1",0.517,77
"T7","Oligodendrocytes","0","purple",858,"AL683813.1",0.517,77
"T7","Oligodendrocytes","0","purple",858,"CENPP",0.517,77
"T7","Oligodendrocytes","0","purple",858,"NUP133",0.516,76
"T7","Oligodendrocytes","0","purple",858,"SNX30",0.516,77
"T7","Oligodendrocytes","0","purple",858,"LTBP1",0.516,77
"T7","Oligodendrocytes","0","purple",858,"MORC3",0.515,76
"T7","Oligodendrocytes","0","purple",858,"LARGE1",0.515,76
"T7","Oligodendrocytes","0","purple",858,"RPS6KC1",0.514,76
"T7","Oligodendrocytes","0","purple",858,"NR1D2",0.514,76
"T7","Oligodendrocytes","0","purple",858,"PHF12",0.513,76
"T7","Oligodendrocytes","0","purple",858,"KHDC4",0.512,76
"T7","Oligodendrocytes","0","purple",858,"DPP8",0.512,76
"T7","Oligodendrocytes","0","purple",858,"LIN52",0.512,76
"T7","Oligodendrocytes","0","purple",858,"RUSC2",0.511,75
"T7","Oligodendrocytes","0","purple",858,"TYW1B",0.511,75
"T7","Oligodendrocytes","0","purple",858,"PHLPP1",0.509,75
"T7","Oligodendrocytes","0","purple",858,"FAM157C",0.509,75
"T7","Oligodendrocytes","0","purple",858,"N4BP1",0.509,75
"T7","Oligodendrocytes","0","purple",858,"TBC1D8",0.509,75
"T7","Oligodendrocytes","0","purple",858,"SPATA5",0.509,75
"T7","Oligodendrocytes","0","purple",858,"CHM",0.509,75
"T7","Oligodendrocytes","0","purple",858,"PTPRM",0.508,74
"T7","Oligodendrocytes","0","purple",858,"NFATC3",0.507,74
"T7","Oligodendrocytes","0","purple",858,"KDM6A",0.506,74
"T7","Oligodendrocytes","0","purple",858,"MMS22L",0.506,74
"T7","Oligodendrocytes","0","purple",858,"ANKRD36B",0.506,74
"T7","Oligodendrocytes","0","purple",858,"EVA1C",0.506,74
"T7","Oligodendrocytes","0","purple",858,"PBX1",0.505,74
"T7","Oligodendrocytes","0","purple",858,"AFF1",0.505,74
"T7","Oligodendrocytes","0","purple",858,"MLLT10",0.504,74
"T7","Oligodendrocytes","0","purple",858,"CRTC3",0.503,73
"T7","Oligodendrocytes","0","purple",858,"BCAR1",0.503,73
"T7","Oligodendrocytes","0","purple",858,"ARHGEF12",0.502,73
"T7","Oligodendrocytes","0","purple",858,"BTBD8",0.502,73
"T7","Oligodendrocytes","0","purple",858,"SLC30A4",0.502,73
"T7","Oligodendrocytes","0","purple",858,"VPS54",0.502,73
"T7","Oligodendrocytes","0","purple",858,"CDK8",0.502,73
"T7","Oligodendrocytes","0","purple",858,"B4GALT5",0.501,72
"T7","Oligodendrocytes","0","purple",858,"KDM2A",0.501,72
"T7","Oligodendrocytes","0","purple",858,"RHOQ",0.501,73
"T7","Oligodendrocytes","0","purple",858,"KIAA1755",0.5,72
"T7","Oligodendrocytes","0","purple",858,"FIGN",0.5,72
"T7","Oligodendrocytes","0","purple",858,"SH3BP4",0.5,72
"T7","Oligodendrocytes","0","purple",858,"NUBPL",0.5,72
"T7","Oligodendrocytes","0","purple",858,"TPP2",0.498,72
"T7","Oligodendrocytes","0","purple",858,"PKD2",0.498,72
"T7","Oligodendrocytes","0","purple",858,"MXD1",0.497,71
"T7","Oligodendrocytes","0","purple",858,"MYO6",0.497,72
"T7","Oligodendrocytes","0","purple",858,"MEGF9",0.496,71
"T7","Oligodendrocytes","0","purple",858,"SUZ12",0.495,71
"T7","Oligodendrocytes","0","purple",858,"TULP3",0.495,71
"T7","Oligodendrocytes","0","purple",858,"SPECC1",0.494,71
"T7","Oligodendrocytes","0","purple",858,"MAP3K3",0.493,71
"T7","Oligodendrocytes","0","purple",858,"NKD1",0.492,71
"T7","Oligodendrocytes","0","purple",858,"AZIN1",0.492,71
"T7","Oligodendrocytes","0","purple",858,"CEP162",0.491,70
"T7","Oligodendrocytes","0","purple",858,"NUP107",0.491,71
"T7","Oligodendrocytes","0","purple",858,"BAALC",0.49,70
"T7","Oligodendrocytes","0","purple",858,"MEF2D",0.489,70
"T7","Oligodendrocytes","0","purple",858,"TPTEP2-CSNK1E",0.489,70
"T7","Oligodendrocytes","0","purple",858,"HELZ",0.489,70
"T7","Oligodendrocytes","0","purple",858,"PPFIBP1",0.489,70
"T7","Oligodendrocytes","0","purple",858,"MKL1",0.488,69
"T7","Oligodendrocytes","0","purple",858,"CDC14B",0.488,70
"T7","Oligodendrocytes","0","purple",858,"FTO",0.488,70
"T7","Oligodendrocytes","0","purple",858,"ABI2",0.487,69
"T7","Oligodendrocytes","0","purple",858,"FCHO2",0.487,69
"T7","Oligodendrocytes","0","purple",858,"YEATS2",0.486,69
"T7","Oligodendrocytes","0","purple",858,"C5orf30",0.485,69
"T7","Oligodendrocytes","0","purple",858,"WWTR1",0.485,69
"T7","Oligodendrocytes","0","purple",858,"USP24",0.482,69
"T7","Oligodendrocytes","0","purple",858,"POLA1",0.482,69
"T7","Oligodendrocytes","0","purple",858,"PLEKHM3",0.482,69
"T7","Oligodendrocytes","0","purple",858,"TLK2",0.48,68
"T7","Oligodendrocytes","0","purple",858,"ALG13",0.48,68
"T7","Oligodendrocytes","0","purple",858,"KDM3B",0.479,68
"T7","Oligodendrocytes","0","purple",858,"ARFGEF2",0.479,68
"T7","Oligodendrocytes","0","purple",858,"SEC23IP",0.478,68
"T7","Oligodendrocytes","0","purple",858,"UACA",0.477,68
"T7","Oligodendrocytes","0","purple",858,"CNOT6",0.476,68
"T7","Oligodendrocytes","0","purple",858,"TOP1",0.476,68
"T7","Oligodendrocytes","0","purple",858,"TATDN3",0.474,67
"T7","Oligodendrocytes","0","purple",858,"USPL1",0.474,67
"T7","Oligodendrocytes","0","purple",858,"SHTN1",0.474,67
"T7","Oligodendrocytes","0","purple",858,"OTUD7B",0.473,67
"T7","Oligodendrocytes","0","purple",858,"NINJ2",0.473,67
"T7","Oligodendrocytes","0","purple",858,"OPHN1",0.472,67
"T7","Oligodendrocytes","0","purple",858,"ATP13A3",0.472,67
"T7","Oligodendrocytes","0","purple",858,"SLC30A7",0.471,67
"T7","Oligodendrocytes","0","purple",858,"CHD6",0.47,67
"T7","Oligodendrocytes","0","purple",858,"RUFY1",0.469,66
"T7","Oligodendrocytes","0","purple",858,"PPARD",0.469,66
"T7","Oligodendrocytes","0","purple",858,"ZNF717",0.468,66
"T7","Oligodendrocytes","0","purple",858,"PRKD1",0.468,66
"T7","Oligodendrocytes","0","purple",858,"LRIG2",0.467,66
"T7","Oligodendrocytes","0","purple",858,"USP25",0.467,66
"T7","Oligodendrocytes","0","purple",858,"PAIP2B",0.467,66
"T7","Oligodendrocytes","0","purple",858,"NUP153",0.465,65
"T7","Oligodendrocytes","0","purple",858,"RASGRP3",0.465,65
"T7","Oligodendrocytes","0","purple",858,"ITFG2",0.465,65
"T7","Oligodendrocytes","0","purple",858,"BTAF1",0.465,65
"T7","Oligodendrocytes","0","purple",858,"IQCJ-SCHIP1",0.465,66
"T7","Oligodendrocytes","0","purple",858,"UBE3A",0.464,65
"T7","Oligodendrocytes","0","purple",858,"REPS2",0.464,65
"T7","Oligodendrocytes","0","purple",858,"MID1",0.464,65
"T7","Oligodendrocytes","0","purple",858,"DHTKD1",0.463,65
"T7","Oligodendrocytes","0","purple",858,"STAM",0.463,65
"T7","Oligodendrocytes","0","purple",858,"FBXL7",0.462,64
"T7","Oligodendrocytes","0","purple",858,"TEAD1",0.462,64
"T7","Oligodendrocytes","0","purple",858,"LRP2BP",0.461,64
"T7","Oligodendrocytes","0","purple",858,"DDX17",0.46,64
"T7","Oligodendrocytes","0","purple",858,"FAF2",0.46,64
"T7","Oligodendrocytes","0","purple",858,"RNF152",0.46,64
"T7","Oligodendrocytes","0","purple",858,"SESN3",0.46,64
"T7","Oligodendrocytes","0","purple",858,"CEP68",0.459,64
"T7","Oligodendrocytes","0","purple",858,"AJAP1",0.458,63
"T7","Oligodendrocytes","0","purple",858,"LONP2",0.458,63
"T7","Oligodendrocytes","0","purple",858,"SIN3A",0.458,64
"T7","Oligodendrocytes","0","purple",858,"WDFY1",0.457,63
"T7","Oligodendrocytes","0","purple",858,"TENT4B",0.457,63
"T7","Oligodendrocytes","0","purple",858,"CEP120",0.456,63
"T7","Oligodendrocytes","0","purple",858,"CDH2",0.456,63
"T7","Oligodendrocytes","0","purple",858,"BMPR1A",0.456,63
"T7","Oligodendrocytes","0","purple",858,"RAB11FIP4",0.456,63
"T7","Oligodendrocytes","0","purple",858,"PPM1B",0.455,62
"T7","Oligodendrocytes","0","purple",858,"DSE",0.455,62
"T7","Oligodendrocytes","0","purple",858,"SMURF2",0.454,62
"T7","Oligodendrocytes","0","purple",858,"IREB2",0.454,62
"T7","Oligodendrocytes","0","purple",858,"IP6K1",0.454,62
"T7","Oligodendrocytes","0","purple",858,"FAM169A",0.454,62
"T7","Oligodendrocytes","0","purple",858,"SCN8A",0.454,62
"T7","Oligodendrocytes","0","purple",858,"NCOA6",0.453,61
"T7","Oligodendrocytes","0","purple",858,"PTPN13",0.453,62
"T7","Oligodendrocytes","0","purple",858,"RCL1",0.453,62
"T7","Oligodendrocytes","0","purple",858,"IPO8",0.452,61
"T7","Oligodendrocytes","0","purple",858,"SLK",0.451,61
"T7","Oligodendrocytes","0","purple",858,"YES1",0.451,61
"T7","Oligodendrocytes","0","purple",858,"MBTPS1",0.451,61
"T7","Oligodendrocytes","0","purple",858,"CASK",0.451,61
"T7","Oligodendrocytes","0","purple",858,"KANSL3",0.45,60
"T7","Oligodendrocytes","0","purple",858,"NR3C1",0.45,61
"T7","Oligodendrocytes","0","purple",858,"MTOR",0.45,61
"T7","Oligodendrocytes","0","purple",858,"ATP5S",0.449,60
"T7","Oligodendrocytes","0","purple",858,"TCF12",0.449,60
"T7","Oligodendrocytes","0","purple",858,"ZNF644",0.448,60
"T7","Oligodendrocytes","0","purple",858,"LARP4",0.447,60
"T7","Oligodendrocytes","0","purple",858,"MCCC1",0.447,60
"T7","Oligodendrocytes","0","purple",858,"BAZ2A",0.446,60
"T7","Oligodendrocytes","0","purple",858,"CDC42BPB",0.446,60
"T7","Oligodendrocytes","0","purple",858,"SPATA7",0.445,60
"T7","Oligodendrocytes","0","purple",858,"SLC35D1",0.444,59
"T7","Oligodendrocytes","0","purple",858,"AC245060.5",0.444,59
"T7","Oligodendrocytes","0","purple",858,"CHURC1-FNTB",0.443,59
"T7","Oligodendrocytes","0","purple",858,"CACUL1",0.443,59
"T7","Oligodendrocytes","0","purple",858,"UBXN2B",0.443,59
"T7","Oligodendrocytes","0","purple",858,"DBT",0.442,59
"T7","Oligodendrocytes","0","purple",858,"CUEDC1",0.442,59
"T7","Oligodendrocytes","0","purple",858,"BMP2K",0.442,59
"T7","Oligodendrocytes","0","purple",858,"GOSR1",0.441,58
"T7","Oligodendrocytes","0","purple",858,"COA1",0.441,58
"T7","Oligodendrocytes","0","purple",858,"ARFIP1",0.441,58
"T7","Oligodendrocytes","0","purple",858,"NADK2",0.441,58
"T7","Oligodendrocytes","0","purple",858,"ILKAP",0.441,58
"T7","Oligodendrocytes","0","purple",858,"ZNF704",0.44,58
"T7","Oligodendrocytes","0","purple",858,"TTC21B",0.44,58
"T7","Oligodendrocytes","0","purple",858,"APPL2",0.439,57
"T7","Oligodendrocytes","0","purple",858,"TP53BP1",0.439,57
"T7","Oligodendrocytes","0","purple",858,"AP3B1",0.439,58
"T7","Oligodendrocytes","0","purple",858,"XPO6",0.439,58
"T7","Oligodendrocytes","0","purple",858,"ZNF780B",0.438,57
"T7","Oligodendrocytes","0","purple",858,"GAPVD1",0.438,57
"T7","Oligodendrocytes","0","purple",858,"KDM7A",0.438,57
"T7","Oligodendrocytes","0","purple",858,"TAF15",0.437,57
"T7","Oligodendrocytes","0","purple",858,"ACACA",0.437,57
"T7","Oligodendrocytes","0","purple",858,"ASCC1",0.437,57
"T7","Oligodendrocytes","0","purple",858,"MBNL2",0.436,56
"T7","Oligodendrocytes","0","purple",858,"CSMD3",0.436,56
"T7","Oligodendrocytes","0","purple",858,"USP37",0.436,56
"T7","Oligodendrocytes","0","purple",858,"INVS",0.436,56
"T7","Oligodendrocytes","0","purple",858,"OSBPL11",0.436,56
"T7","Oligodendrocytes","0","purple",858,"DENND5B",0.436,57
"T7","Oligodendrocytes","0","purple",858,"ODF2L",0.435,56
"T7","Oligodendrocytes","0","purple",858,"STYXL1",0.435,56
"T7","Oligodendrocytes","0","purple",858,"RAB3IP",0.435,56
"T7","Oligodendrocytes","0","purple",858,"COMMD1",0.432,55
"T7","Oligodendrocytes","0","purple",858,"MTFR1",0.432,55
"T7","Oligodendrocytes","0","purple",858,"UBE3D",0.431,55
"T7","Oligodendrocytes","0","purple",858,"KRBOX4",0.431,55
"T7","Oligodendrocytes","0","purple",858,"MED13L",0.431,55
"T7","Oligodendrocytes","0","purple",858,"ZCCHC14",0.431,55
"T7","Oligodendrocytes","0","purple",858,"FARS2",0.431,55
"T7","Oligodendrocytes","0","purple",858,"SYNE3",0.431,55
"T7","Oligodendrocytes","0","purple",858,"FAM126B",0.431,55
"T7","Oligodendrocytes","0","purple",858,"DCUN1D2",0.43,54
"T7","Oligodendrocytes","0","purple",858,"SYT9",0.43,54
"T7","Oligodendrocytes","0","purple",858,"AL117336.3",0.429,54
"T7","Oligodendrocytes","0","purple",858,"PKNOX1",0.428,54
"T7","Oligodendrocytes","0","purple",858,"BCOR",0.427,54
"T7","Oligodendrocytes","0","purple",858,"TTC14",0.427,54
"T7","Oligodendrocytes","0","purple",858,"C6orf62",0.427,54
"T7","Oligodendrocytes","0","purple",858,"AKT2",0.425,53
"T7","Oligodendrocytes","0","purple",858,"DNAJC27",0.425,54
"T7","Oligodendrocytes","0","purple",858,"TTC28",0.423,53
"T7","Oligodendrocytes","0","purple",858,"SPATA6",0.423,53
"T7","Oligodendrocytes","0","purple",858,"GOLPH3",0.423,53
"T7","Oligodendrocytes","0","purple",858,"MICU2",0.423,53
"T7","Oligodendrocytes","0","purple",858,"TAMM41",0.421,53
"T7","Oligodendrocytes","0","purple",858,"PHF8",0.42,53
"T7","Oligodendrocytes","0","purple",858,"AGO1",0.42,53
"T7","Oligodendrocytes","0","purple",858,"MDN1",0.42,53
"T7","Oligodendrocytes","0","purple",858,"PRKCI",0.419,52
"T7","Oligodendrocytes","0","purple",858,"ALDH7A1",0.419,52
"T7","Oligodendrocytes","0","purple",858,"FAM120B",0.419,52
"T7","Oligodendrocytes","0","purple",858,"FOXJ3",0.418,52
"T7","Oligodendrocytes","0","purple",858,"MACO1",0.418,52
"T7","Oligodendrocytes","0","purple",858,"SEC31A",0.417,51
"T7","Oligodendrocytes","0","purple",858,"NRP2",0.417,52
"T7","Oligodendrocytes","0","purple",858,"POU6F1",0.417,52
"T7","Oligodendrocytes","0","purple",858,"ZNF346",0.417,52
"T7","Oligodendrocytes","0","purple",858,"KMT5B",0.416,51
"T7","Oligodendrocytes","0","purple",858,"RBM5",0.416,51
"T7","Oligodendrocytes","0","purple",858,"ABCG1",0.416,51
"T7","Oligodendrocytes","0","purple",858,"EHMT1",0.416,51
"T7","Oligodendrocytes","0","purple",858,"AC139887.2",0.416,51
"T7","Oligodendrocytes","0","purple",858,"C16orf72",0.415,51
"T7","Oligodendrocytes","0","purple",858,"ZNF573",0.415,51
"T7","Oligodendrocytes","0","purple",858,"CEP63",0.415,51
"T7","Oligodendrocytes","0","purple",858,"LMTK2",0.414,50
"T7","Oligodendrocytes","0","purple",858,"FBXO42",0.414,50
"T7","Oligodendrocytes","0","purple",858,"ZBTB8OS",0.414,50
"T7","Oligodendrocytes","0","purple",858,"RNF216",0.413,50
"T7","Oligodendrocytes","0","purple",858,"RTTN",0.412,50
"T7","Oligodendrocytes","0","purple",858,"CD22",0.412,50
"T7","Oligodendrocytes","0","purple",858,"MAP3K2",0.412,50
"T7","Oligodendrocytes","0","purple",858,"SCFD1",0.411,50
"T7","Oligodendrocytes","0","purple",858,"VIRMA",0.41,50
"T7","Oligodendrocytes","0","purple",858,"PDSS2",0.409,49
"T7","Oligodendrocytes","0","purple",858,"FOXK1",0.409,49
"T7","Oligodendrocytes","0","purple",858,"EIF2B3",0.408,49
"T7","Oligodendrocytes","0","purple",858,"IPO9",0.407,49
"T7","Oligodendrocytes","0","purple",858,"MED23",0.407,49
"T7","Oligodendrocytes","0","purple",858,"CDC42SE2",0.406,49
"T7","Oligodendrocytes","0","purple",858,"ADNP",0.406,49
"T7","Oligodendrocytes","0","purple",858,"ATXN3",0.405,48
"T7","Oligodendrocytes","0","purple",858,"DIXDC1",0.405,49
"T7","Oligodendrocytes","0","purple",858,"RNF149",0.404,48
"T7","Oligodendrocytes","0","purple",858,"TAB2",0.404,48
"T7","Oligodendrocytes","0","purple",858,"HSD17B4",0.404,48
"T7","Oligodendrocytes","0","purple",858,"WDTC1",0.404,48
"T7","Oligodendrocytes","0","purple",858,"BMPR2",0.403,48
"T7","Oligodendrocytes","0","purple",858,"ATXN7L1",0.403,48
"T7","Oligodendrocytes","0","purple",858,"SLC30A9",0.403,48
"T7","Oligodendrocytes","0","purple",858,"CASD1",0.403,48
"T7","Oligodendrocytes","0","purple",858,"RIN2",0.402,47
"T7","Oligodendrocytes","0","purple",858,"VPS45",0.402,47
"T7","Oligodendrocytes","0","purple",858,"PPP2R2D",0.402,47
"T7","Oligodendrocytes","0","purple",858,"KIAA1328",0.402,47
"T7","Oligodendrocytes","0","purple",858,"ZNF131",0.401,47
"T7","Oligodendrocytes","0","purple",858,"KBTBD3",0.401,47
"T7","Oligodendrocytes","0","purple",858,"PPP2R5E",0.401,47
"T7","Oligodendrocytes","0","purple",858,"OTUD4",0.4,46
"T7","Oligodendrocytes","0","purple",858,"SPATS2L",0.4,46
"T7","Oligodendrocytes","0","purple",858,"SP4",0.4,46
"T7","Oligodendrocytes","0","purple",858,"MFSD14B",0.4,47
"T7","Oligodendrocytes","0","purple",858,"DCAF6",0.399,46
"T7","Oligodendrocytes","0","purple",858,"SUDS3",0.397,46
"T7","Oligodendrocytes","0","purple",858,"SEC22A",0.397,46
"T7","Oligodendrocytes","0","purple",858,"GMCL1",0.397,46
"T7","Oligodendrocytes","0","purple",858,"RNF138",0.397,46
"T7","Oligodendrocytes","0","purple",858,"ZMYM5",0.396,45
"T7","Oligodendrocytes","0","purple",858,"ZNF337",0.396,45
"T7","Oligodendrocytes","0","purple",858,"ZNF254",0.396,46
"T7","Oligodendrocytes","0","purple",858,"CR381653.1",0.395,45
"T7","Oligodendrocytes","0","purple",858,"ANKAR",0.395,45
"T7","Oligodendrocytes","0","purple",858,"VPS50",0.395,45
"T7","Oligodendrocytes","0","purple",858,"KLHL2",0.395,45
"T7","Oligodendrocytes","0","purple",858,"TIMM23B",0.394,44
"T7","Oligodendrocytes","0","purple",858,"AGMO",0.394,44
"T7","Oligodendrocytes","0","purple",858,"FAM222B",0.394,44
"T7","Oligodendrocytes","0","purple",858,"TXLNG",0.394,45
"T7","Oligodendrocytes","0","purple",858,"GPALPP1",0.394,45
"T7","Oligodendrocytes","0","purple",858,"PRKAR2A",0.393,44
"T7","Oligodendrocytes","0","purple",858,"MPRIP",0.393,44
"T7","Oligodendrocytes","0","purple",858,"ZNF621",0.393,44
"T7","Oligodendrocytes","0","purple",858,"SFSWAP",0.393,44
"T7","Oligodendrocytes","0","purple",858,"CPSF6",0.392,44
"T7","Oligodendrocytes","0","purple",858,"SUCO",0.391,43
"T7","Oligodendrocytes","0","purple",858,"ZFX",0.391,44
"T7","Oligodendrocytes","0","purple",858,"TAPT1-AS1",0.39,43
"T7","Oligodendrocytes","0","purple",858,"GPATCH2L",0.39,43
"T7","Oligodendrocytes","0","purple",858,"UBE3B",0.389,43
"T7","Oligodendrocytes","0","purple",858,"OSBP2",0.389,43
"T7","Oligodendrocytes","0","purple",858,"GAN",0.388,43
"T7","Oligodendrocytes","0","purple",858,"RBL2",0.387,43
"T7","Oligodendrocytes","0","purple",858,"RAB11FIP3",0.387,43
"T7","Oligodendrocytes","0","purple",858,"DENND6A",0.386,43
"T7","Oligodendrocytes","0","purple",858,"AKAP10",0.385,42
"T7","Oligodendrocytes","0","purple",858,"LINC00854",0.385,42
"T7","Oligodendrocytes","0","purple",858,"C2CD3",0.384,42
"T7","Oligodendrocytes","0","purple",858,"TSC22D1",0.384,42
"T7","Oligodendrocytes","0","purple",858,"KLHL22",0.382,42
"T7","Oligodendrocytes","0","purple",858,"ELP1",0.382,42
"T7","Oligodendrocytes","0","purple",858,"INO80",0.381,41
"T7","Oligodendrocytes","0","purple",858,"RAD52",0.381,42
"T7","Oligodendrocytes","0","purple",858,"SRGAP2",0.381,42
"T7","Oligodendrocytes","0","purple",858,"PCDH17",0.38,41
"T7","Oligodendrocytes","0","purple",858,"CEP95",0.379,41
"T7","Oligodendrocytes","0","purple",858,"RYBP",0.379,41
"T7","Oligodendrocytes","0","purple",858,"ANKMY1",0.379,41
"T7","Oligodendrocytes","0","purple",858,"CTDSPL2",0.378,41
"T7","Oligodendrocytes","0","purple",858,"XPO4",0.378,41
"T7","Oligodendrocytes","0","purple",858,"ZNF277",0.377,41
"T7","Oligodendrocytes","0","purple",858,"BLZF1",0.377,41
"T7","Oligodendrocytes","0","purple",858,"MLLT3",0.376,40
"T7","Oligodendrocytes","0","purple",858,"FAM19A4",0.376,40
"T7","Oligodendrocytes","0","purple",858,"ORC5",0.375,40
"T7","Oligodendrocytes","0","purple",858,"WDR7",0.375,40
"T7","Oligodendrocytes","0","purple",858,"ESCO1",0.375,40
"T7","Oligodendrocytes","0","purple",858,"CNOT10",0.375,40
"T7","Oligodendrocytes","0","purple",858,"GNA13",0.372,40
"T7","Oligodendrocytes","0","purple",858,"AFTPH",0.372,40
"T7","Oligodendrocytes","0","purple",858,"UBE2K",0.371,39
"T7","Oligodendrocytes","0","purple",858,"MEIS2",0.371,39
"T7","Oligodendrocytes","0","purple",858,"CCDC30",0.371,39
"T7","Oligodendrocytes","0","purple",858,"CBX7",0.37,39
"T7","Oligodendrocytes","0","purple",858,"SGCD",0.369,39
"T7","Oligodendrocytes","0","purple",858,"ANAPC1",0.369,39
"T7","Oligodendrocytes","0","purple",858,"AC107375.1",0.369,39
"T7","Oligodendrocytes","0","purple",858,"PTPN4",0.368,38
"T7","Oligodendrocytes","0","purple",858,"NFYC",0.368,39
"T7","Oligodendrocytes","0","purple",858,"CYP2J2",0.368,39
"T7","Oligodendrocytes","0","purple",858,"RILPL1",0.366,38
"T7","Oligodendrocytes","0","purple",858,"ABL2",0.366,38
"T7","Oligodendrocytes","0","purple",858,"HNRNPUL1",0.366,38
"T7","Oligodendrocytes","0","purple",858,"MLH1",0.365,38
"T7","Oligodendrocytes","0","purple",858,"RASA3",0.364,38
"T7","Oligodendrocytes","0","purple",858,"PHLPP2",0.364,38
"T7","Oligodendrocytes","0","purple",858,"ADAM17",0.364,38
"T7","Oligodendrocytes","0","purple",858,"SHQ1",0.363,37
"T7","Oligodendrocytes","0","purple",858,"MRE11",0.363,37
"T7","Oligodendrocytes","0","purple",858,"RC3H1",0.363,37
"T7","Oligodendrocytes","0","purple",858,"DGKI",0.362,37
"T7","Oligodendrocytes","0","purple",858,"FEM1C",0.361,37
"T7","Oligodendrocytes","0","purple",858,"XPNPEP3",0.36,37
"T7","Oligodendrocytes","0","purple",858,"KPNA4",0.36,37
"T7","Oligodendrocytes","0","purple",858,"USP3",0.359,37
"T7","Oligodendrocytes","0","purple",858,"LYPLAL1",0.358,36
"T7","Oligodendrocytes","0","purple",858,"MIPOL1",0.358,36
"T7","Oligodendrocytes","0","purple",858,"SLC12A6",0.358,37
"T7","Oligodendrocytes","0","purple",858,"TCP11L1",0.357,36
"T7","Oligodendrocytes","0","purple",858,"SLAIN2",0.357,36
"T7","Oligodendrocytes","0","purple",858,"TBC1D8B",0.357,36
"T7","Oligodendrocytes","0","purple",858,"RAB1A",0.356,36
"T7","Oligodendrocytes","0","purple",858,"TTI1",0.356,36
"T7","Oligodendrocytes","0","purple",858,"CEP78",0.355,36
"T7","Oligodendrocytes","0","purple",858,"FBXO28",0.355,36
"T7","Oligodendrocytes","0","purple",858,"MGAT4A",0.354,35
"T7","Oligodendrocytes","0","purple",858,"ZNF251",0.354,35
"T7","Oligodendrocytes","0","purple",858,"SLC35E3",0.354,35
"T7","Oligodendrocytes","0","purple",858,"EFL1",0.354,35
"T7","Oligodendrocytes","0","purple",858,"TOB1",0.353,35
"T7","Oligodendrocytes","0","purple",858,"CHIC1",0.353,35
"T7","Oligodendrocytes","0","purple",858,"NOP58",0.353,35
"T7","Oligodendrocytes","0","purple",858,"CHTOP",0.353,35
"T7","Oligodendrocytes","0","purple",858,"MED28",0.352,34
"T7","Oligodendrocytes","0","purple",858,"ZC3H12C",0.352,34
"T7","Oligodendrocytes","0","purple",858,"TMEM131",0.351,34
"T7","Oligodendrocytes","0","purple",858,"ST7L",0.351,34
"T7","Oligodendrocytes","0","purple",858,"DIS3L2",0.351,34
"T7","Oligodendrocytes","0","purple",858,"NUP205",0.351,34
"T7","Oligodendrocytes","0","purple",858,"GABPA",0.351,34
"T7","Oligodendrocytes","0","purple",858,"RNF217",0.349,33
"T7","Oligodendrocytes","0","purple",858,"ELP3",0.349,33
"T7","Oligodendrocytes","0","purple",858,"ATXN2",0.349,33
"T7","Oligodendrocytes","0","purple",858,"SEC24A",0.349,33
"T7","Oligodendrocytes","0","purple",858,"FBXO38",0.349,34
"T7","Oligodendrocytes","0","purple",858,"PTEN",0.349,34
"T7","Oligodendrocytes","0","purple",858,"NSMCE2",0.348,33
"T7","Oligodendrocytes","0","purple",858,"RAI1",0.348,33
"T7","Oligodendrocytes","0","purple",858,"KIF9-AS1",0.348,33
"T7","Oligodendrocytes","0","purple",858,"TNPO3",0.348,33
"T7","Oligodendrocytes","0","purple",858,"NAIP",0.347,32
"T7","Oligodendrocytes","0","purple",858,"KCTD13",0.347,32
"T7","Oligodendrocytes","0","purple",858,"TM9SF4",0.346,32
"T7","Oligodendrocytes","0","purple",858,"ATR",0.346,32
"T7","Oligodendrocytes","0","purple",858,"WIPF2",0.346,32
"T7","Oligodendrocytes","0","purple",858,"PLPP1",0.346,32
"T7","Oligodendrocytes","0","purple",858,"CAAP1",0.346,32
"T7","Oligodendrocytes","0","purple",858,"SGPP1",0.346,32
"T7","Oligodendrocytes","0","purple",858,"CCNL1",0.345,31
"T7","Oligodendrocytes","0","purple",858,"FYCO1",0.345,32
"T7","Oligodendrocytes","0","purple",858,"TNKS",0.344,31
"T7","Oligodendrocytes","0","purple",858,"RNF19A",0.343,31
"T7","Oligodendrocytes","0","purple",858,"IQCB1",0.343,31
"T7","Oligodendrocytes","0","purple",858,"HERC2",0.342,31
"T7","Oligodendrocytes","0","purple",858,"SUN1",0.342,31
"T7","Oligodendrocytes","0","purple",858,"DCP1A",0.342,31
"T7","Oligodendrocytes","0","purple",858,"ZNF577",0.34,30
"T7","Oligodendrocytes","0","purple",858,"TCP11L2",0.34,31
"T7","Oligodendrocytes","0","purple",858,"CLIP2",0.337,30
"T7","Oligodendrocytes","0","purple",858,"ZNF197",0.337,30
"T7","Oligodendrocytes","0","purple",858,"AZIN2",0.336,30
"T7","Oligodendrocytes","0","purple",858,"MFSD11",0.336,30
"T7","Oligodendrocytes","0","purple",858,"RAB30-AS1",0.335,30
"T7","Oligodendrocytes","0","purple",858,"SERTAD2",0.335,30
"T7","Oligodendrocytes","0","purple",858,"IPO11",0.335,30
"T7","Oligodendrocytes","0","purple",858,"MFSD1",0.334,29
"T7","Oligodendrocytes","0","purple",858,"AQR",0.334,30
"T7","Oligodendrocytes","0","purple",858,"RBL1",0.333,29
"T7","Oligodendrocytes","0","purple",858,"ZC4H2",0.332,29
"T7","Oligodendrocytes","0","purple",858,"CARNMT1",0.331,29
"T7","Oligodendrocytes","0","purple",858,"C21orf91",0.331,29
"T7","Oligodendrocytes","0","purple",858,"CLASP1",0.33,29
"T7","Oligodendrocytes","0","purple",858,"ARAP1",0.328,29
"T7","Oligodendrocytes","0","purple",858,"ADCY5",0.327,29
"T7","Oligodendrocytes","0","purple",858,"TMEM192",0.326,28
"T7","Oligodendrocytes","0","purple",858,"PTPRK",0.326,28
"T7","Oligodendrocytes","0","purple",858,"SEC63",0.326,29
"T7","Oligodendrocytes","0","purple",858,"RETREG3",0.325,28
"T7","Oligodendrocytes","0","purple",858,"CDC16",0.325,28
"T7","Oligodendrocytes","0","purple",858,"AC096711.2",0.325,28
"T7","Oligodendrocytes","0","purple",858,"PPA2",0.324,28
"T7","Oligodendrocytes","0","purple",858,"GALNT2",0.324,28
"T7","Oligodendrocytes","0","purple",858,"STX17",0.322,27
"T7","Oligodendrocytes","0","purple",858,"ZNF586",0.322,27
"T7","Oligodendrocytes","0","purple",858,"SLC39A9",0.322,28
"T7","Oligodendrocytes","0","purple",858,"PDCD4",0.321,27
"T7","Oligodendrocytes","0","purple",858,"NR2C1",0.32,27
"T7","Oligodendrocytes","0","purple",858,"FAM13A-AS1",0.319,27
"T7","Oligodendrocytes","0","purple",858,"ATP6V1C1",0.318,27
"T7","Oligodendrocytes","0","purple",858,"GLCE",0.318,27
"T7","Oligodendrocytes","0","purple",858,"MTMR14",0.316,27
"T7","Oligodendrocytes","0","purple",858,"SEC22B",0.315,26
"T7","Oligodendrocytes","0","purple",858,"AGAP1",0.315,26
"T7","Oligodendrocytes","0","purple",858,"LIMS1",0.315,26
"T7","Oligodendrocytes","0","purple",858,"CLNS1A",0.315,26
"T7","Oligodendrocytes","0","purple",858,"PCDH9",0.315,27
"T7","Oligodendrocytes","0","purple",858,"KRIT1",0.314,26
"T7","Oligodendrocytes","0","purple",858,"LINC01182",0.314,26
"T7","Oligodendrocytes","0","purple",858,"AVL9",0.314,26
"T7","Oligodendrocytes","0","purple",858,"EPS15L1",0.314,26
"T7","Oligodendrocytes","0","purple",858,"POMT2",0.313,25
"T7","Oligodendrocytes","0","purple",858,"ZGRF1",0.313,25
"T7","Oligodendrocytes","0","purple",858,"PITPNB",0.311,25
"T7","Oligodendrocytes","0","purple",858,"AL139353.1",0.31,25
"T7","Oligodendrocytes","0","purple",858,"FGFR1OP2",0.308,25
"T7","Oligodendrocytes","0","purple",858,"INTS8",0.307,25
"T7","Oligodendrocytes","0","purple",858,"AFG1L",0.307,25
"T7","Oligodendrocytes","0","purple",858,"CDK14",0.307,25
"T7","Oligodendrocytes","0","purple",858,"ITGB1BP1",0.307,25
"T7","Oligodendrocytes","0","purple",858,"ARID1B",0.306,24
"T7","Oligodendrocytes","0","purple",858,"KLHL18",0.305,24
"T7","Oligodendrocytes","0","purple",858,"PPARA",0.305,24
"T7","Oligodendrocytes","0","purple",858,"ZNF721",0.305,24
"T7","Oligodendrocytes","0","purple",858,"AC245297.3",0.303,23
"T7","Oligodendrocytes","0","purple",858,"ATRN",0.303,23
"T7","Oligodendrocytes","0","purple",858,"AGAP4",0.303,24
"T7","Oligodendrocytes","0","purple",858,"RLF",0.303,24
"T7","Oligodendrocytes","0","purple",858,"LRP11",0.303,24
"T7","Oligodendrocytes","0","purple",858,"SMG7",0.303,24
"T7","Oligodendrocytes","0","purple",858,"INTS3",0.302,23
"T7","Oligodendrocytes","0","purple",858,"NEK1",0.302,23
"T7","Oligodendrocytes","0","purple",858,"AFF4",0.301,23
"T7","Oligodendrocytes","0","purple",858,"NCOR2",0.301,23
"T7","Oligodendrocytes","0","purple",858,"NAA35",0.3,23
"T7","Oligodendrocytes","0","purple",858,"TRIT1",0.3,23
"T7","Oligodendrocytes","0","purple",858,"ZNF566",0.299,22
"T7","Oligodendrocytes","0","purple",858,"TRIP4",0.299,23
"T7","Oligodendrocytes","0","purple",858,"PPP1CB",0.298,22
"T7","Oligodendrocytes","0","purple",858,"PTPN1",0.297,22
"T7","Oligodendrocytes","0","purple",858,"ZNF274",0.297,22
"T7","Oligodendrocytes","0","purple",858,"MYO19",0.296,22
"T7","Oligodendrocytes","0","purple",858,"UBAP2L",0.296,22
"T7","Oligodendrocytes","0","purple",858,"ISPD",0.296,22
"T7","Oligodendrocytes","0","purple",858,"USP42",0.295,22
"T7","Oligodendrocytes","0","purple",858,"ZNF611",0.294,21
"T7","Oligodendrocytes","0","purple",858,"GMPS",0.294,21
"T7","Oligodendrocytes","0","purple",858,"FAM193B",0.294,22
"T7","Oligodendrocytes","0","purple",858,"EWSR1",0.292,21
"T7","Oligodendrocytes","0","purple",858,"ARL3",0.291,21
"T7","Oligodendrocytes","0","purple",858,"NDEL1",0.29,21
"T7","Oligodendrocytes","0","purple",858,"DGLUCY",0.29,21
"T7","Oligodendrocytes","0","purple",858,"SART3",0.29,21
"T7","Oligodendrocytes","0","purple",858,"TSC2",0.289,21
"T7","Oligodendrocytes","0","purple",858,"COG5",0.288,20
"T7","Oligodendrocytes","0","purple",858,"CKAP5",0.286,20
"T7","Oligodendrocytes","0","purple",858,"MAML1",0.285,20
"T7","Oligodendrocytes","0","purple",858,"DUSP22",0.283,20
"T7","Oligodendrocytes","0","purple",858,"ARHGAP26",0.283,20
"T7","Oligodendrocytes","0","purple",858,"GOLGA5",0.282,20
"T7","Oligodendrocytes","0","purple",858,"NINL",0.281,20
"T7","Oligodendrocytes","0","purple",858,"SP1",0.281,20
"T7","Oligodendrocytes","0","purple",858,"NPAT",0.281,20
"T7","Oligodendrocytes","0","purple",858,"KAT7",0.28,19
"T7","Oligodendrocytes","0","purple",858,"PPP1R9A",0.28,19
"T7","Oligodendrocytes","0","purple",858,"FBXO9",0.278,19
"T7","Oligodendrocytes","0","purple",858,"SSH1",0.277,19
"T7","Oligodendrocytes","0","purple",858,"FAM221A",0.277,19
"T7","Oligodendrocytes","0","purple",858,"POLR3A",0.277,19
"T7","Oligodendrocytes","0","purple",858,"ANKZF1",0.276,19
"T7","Oligodendrocytes","0","purple",858,"KLHL20",0.275,18
"T7","Oligodendrocytes","0","purple",858,"AP3D1",0.275,18
"T7","Oligodendrocytes","0","purple",858,"CCDC93",0.275,19
"T7","Oligodendrocytes","0","purple",858,"XIAP",0.274,18
"T7","Oligodendrocytes","0","purple",858,"GLYR1",0.273,18
"T7","Oligodendrocytes","0","purple",858,"CSNK1D",0.271,18
"T7","Oligodendrocytes","0","purple",858,"ANP32B",0.27,18
"T7","Oligodendrocytes","0","purple",858,"SHLD1",0.27,18
"T7","Oligodendrocytes","0","purple",858,"ABHD17B",0.269,17
"T7","Oligodendrocytes","0","purple",858,"MTMR3",0.269,18
"T7","Oligodendrocytes","0","purple",858,"RNF213",0.269,18
"T7","Oligodendrocytes","0","purple",858,"HIF1A",0.268,17
"T7","Oligodendrocytes","0","purple",858,"UBP1",0.267,17
"T7","Oligodendrocytes","0","purple",858,"KCNQ1OT1",0.266,17
"T7","Oligodendrocytes","0","purple",858,"DPM1",0.266,17
"T7","Oligodendrocytes","0","purple",858,"R3HDM2",0.266,17
"T7","Oligodendrocytes","0","purple",858,"MBIP",0.265,17
"T7","Oligodendrocytes","0","purple",858,"ALDH6A1",0.264,17
"T7","Oligodendrocytes","0","purple",858,"ASXL1",0.263,16
"T7","Oligodendrocytes","0","purple",858,"NOMO1",0.263,16
"T7","Oligodendrocytes","0","purple",858,"RBM45",0.26,16
"T7","Oligodendrocytes","0","purple",858,"POM121",0.259,16
"T7","Oligodendrocytes","0","purple",858,"ZNF84",0.258,16
"T7","Oligodendrocytes","0","purple",858,"RPS6KB1",0.258,16
"T7","Oligodendrocytes","0","purple",858,"SEC24B",0.256,16
"T7","Oligodendrocytes","0","purple",858,"SNX9",0.256,16
"T7","Oligodendrocytes","0","purple",858,"POT1-AS1",0.255,15
"T7","Oligodendrocytes","0","purple",858,"PDCD6",0.255,16
"T7","Oligodendrocytes","0","purple",858,"ANP32A",0.254,15
"T7","Oligodendrocytes","0","purple",858,"MBD2",0.253,15
"T7","Oligodendrocytes","0","purple",858,"MRPL48",0.252,15
"T7","Oligodendrocytes","0","purple",858,"ZNF141",0.251,15
"T7","Oligodendrocytes","0","purple",858,"UGGT1",0.251,15
"T7","Oligodendrocytes","0","purple",858,"MMS19",0.25,15
"T7","Oligodendrocytes","0","purple",858,"WRN",0.25,15
"T7","Oligodendrocytes","0","purple",858,"GTF3C3",0.249,14
"T7","Oligodendrocytes","0","purple",858,"MDM4",0.249,15
"T7","Oligodendrocytes","0","purple",858,"NFATC2IP",0.247,14
"T7","Oligodendrocytes","0","purple",858,"SLC35E4",0.245,14
"T7","Oligodendrocytes","0","purple",858,"SMPD4",0.245,14
"T7","Oligodendrocytes","0","purple",858,"GTF3C1",0.245,14
"T7","Oligodendrocytes","0","purple",858,"ZNF507",0.241,14
"T7","Oligodendrocytes","0","purple",858,"CCNL2",0.241,14
"T7","Oligodendrocytes","0","purple",858,"CLCA4",0.24,14
"T7","Oligodendrocytes","0","purple",858,"METTL14",0.238,13
"T7","Oligodendrocytes","0","purple",858,"P4HA1",0.238,13
"T7","Oligodendrocytes","0","purple",858,"CASC3",0.236,13
"T7","Oligodendrocytes","0","purple",858,"SUFU",0.236,13
"T7","Oligodendrocytes","0","purple",858,"ZNRF2",0.235,13
"T7","Oligodendrocytes","0","purple",858,"DARS",0.232,13
"T7","Oligodendrocytes","0","purple",858,"GCC2",0.23,13
"T7","Oligodendrocytes","0","purple",858,"HSPBAP1",0.23,13
"T7","Oligodendrocytes","0","purple",858,"WTAP",0.229,12
"T7","Oligodendrocytes","0","purple",858,"SIAH1",0.229,13
"T7","Oligodendrocytes","0","purple",858,"ATG5",0.228,12
"T7","Oligodendrocytes","0","purple",858,"CDR2",0.228,12
"T7","Oligodendrocytes","0","purple",858,"CFLAR",0.226,12
"T7","Oligodendrocytes","0","purple",858,"PHKA2",0.226,12
"T7","Oligodendrocytes","0","purple",858,"FBRSL1",0.224,12
"T7","Oligodendrocytes","0","purple",858,"USP10",0.224,12
"T7","Oligodendrocytes","0","purple",858,"DCP1B",0.221,12
"T7","Oligodendrocytes","0","purple",858,"GNA12",0.219,11
"T7","Oligodendrocytes","0","purple",858,"SMAD7",0.219,11
"T7","Oligodendrocytes","0","purple",858,"ACOX3",0.218,11
"T7","Oligodendrocytes","0","purple",858,"TRAPPC9",0.218,11
"T7","Oligodendrocytes","0","purple",858,"FDX1",0.217,11
"T7","Oligodendrocytes","0","purple",858,"TADA2A",0.217,11
"T7","Oligodendrocytes","0","purple",858,"MAP2K7",0.214,11
"T7","Oligodendrocytes","0","purple",858,"USP28",0.21,11
"T7","Oligodendrocytes","0","purple",858,"MTA3",0.21,11
"T7","Oligodendrocytes","0","purple",858,"VPS26C",0.209,10
"T7","Oligodendrocytes","0","purple",858,"ECD",0.209,10
"T7","Oligodendrocytes","0","purple",858,"WDR70",0.209,10
"T7","Oligodendrocytes","0","purple",858,"PRPF8",0.206,10
"T7","Oligodendrocytes","0","purple",858,"NUB1",0.205,10
"T7","Oligodendrocytes","0","purple",858,"SLC25A16",0.205,10
"T7","Oligodendrocytes","0","purple",858,"GNE",0.204,10
"T7","Oligodendrocytes","0","purple",858,"ATG16L1",0.203,10
"T7","Oligodendrocytes","0","purple",858,"ARID4A",0.202,9
"T7","Oligodendrocytes","0","purple",858,"AGL",0.2,9
"T7","Oligodendrocytes","0","purple",858,"UBE2Q2",0.197,9
"T7","Oligodendrocytes","0","purple",858,"SS18L1",0.196,9
"T7","Oligodendrocytes","0","purple",858,"PAQR3",0.195,9
"T7","Oligodendrocytes","0","purple",858,"TUBD1",0.195,9
"T7","Oligodendrocytes","0","purple",858,"LRSAM1",0.193,9
"T7","Oligodendrocytes","0","purple",858,"ZNF546",0.193,9
"T7","Oligodendrocytes","0","purple",858,"INTS6L",0.188,8
"T7","Oligodendrocytes","0","purple",858,"CARD8",0.188,9
"T7","Oligodendrocytes","0","purple",858,"LINC00662",0.187,8
"T7","Oligodendrocytes","0","purple",858,"TTC13",0.186,8
"T7","Oligodendrocytes","0","purple",858,"EBLN3P",0.186,8
"T7","Oligodendrocytes","0","purple",858,"DPH5",0.186,8
"T7","Oligodendrocytes","0","purple",858,"ARL2BP",0.186,8
"T7","Oligodendrocytes","0","purple",858,"EFCAB2",0.185,8
"T7","Oligodendrocytes","0","purple",858,"CRTC1",0.185,8
"T7","Oligodendrocytes","0","purple",858,"VRK3",0.182,7
"T7","Oligodendrocytes","0","purple",858,"TMEM94",0.182,8
"T7","Oligodendrocytes","0","purple",858,"WASF2",0.181,7
"T7","Oligodendrocytes","0","purple",858,"MACF1",0.181,7
"T7","Oligodendrocytes","0","purple",858,"SEC16A",0.181,7
"T7","Oligodendrocytes","0","purple",858,"SETD3",0.178,7
"T7","Oligodendrocytes","0","purple",858,"SETDB2",0.174,7
"T7","Oligodendrocytes","0","purple",858,"DFFA",0.171,7
"T7","Oligodendrocytes","0","purple",858,"NARS2",0.17,7
"T7","Oligodendrocytes","0","purple",858,"SLC25A17",0.167,6
"T7","Oligodendrocytes","0","purple",858,"MYO18A",0.166,6
"T7","Oligodendrocytes","0","purple",858,"REST",0.165,6
"T7","Oligodendrocytes","0","purple",858,"CSNK2A1",0.165,6
"T7","Oligodendrocytes","0","purple",858,"HDAC5",0.164,6
"T7","Oligodendrocytes","0","purple",858,"NSD2",0.163,6
"T7","Oligodendrocytes","0","purple",858,"ZNF439",0.163,6
"T7","Oligodendrocytes","0","purple",858,"OTULIN",0.162,6
"T7","Oligodendrocytes","0","purple",858,"PMM2",0.161,6
"T7","Oligodendrocytes","0","purple",858,"AL158152.2",0.158,5
"T7","Oligodendrocytes","0","purple",858,"GCN1",0.156,5
"T7","Oligodendrocytes","0","purple",858,"ALKBH5",0.156,5
"T7","Oligodendrocytes","0","purple",858,"TAB1",0.156,5
"T7","Oligodendrocytes","0","purple",858,"TCFL5",0.155,5
"T7","Oligodendrocytes","0","purple",858,"PLCG1",0.154,5
"T7","Oligodendrocytes","0","purple",858,"TERF2",0.153,5
"T7","Oligodendrocytes","0","purple",858,"THEM4",0.151,4
"T7","Oligodendrocytes","0","purple",858,"LHFPL6",0.151,5
"T7","Oligodendrocytes","0","purple",858,"WWC3",0.15,4
"T7","Oligodendrocytes","0","purple",858,"CCDC122",0.148,4
"T7","Oligodendrocytes","0","purple",858,"UBE2J2",0.147,4
"T7","Oligodendrocytes","0","purple",858,"PKIG",0.144,4
"T7","Oligodendrocytes","0","purple",858,"MYH14",0.142,4
"T7","Oligodendrocytes","0","purple",858,"SF3B3",0.142,4
"T7","Oligodendrocytes","0","purple",858,"FAM210A",0.141,4
"T7","Oligodendrocytes","0","purple",858,"NELFA",0.14,3
"T7","Oligodendrocytes","0","purple",858,"TRAFD1",0.14,4
"T7","Oligodendrocytes","0","purple",858,"PRDM10",0.138,3
"T7","Oligodendrocytes","0","purple",858,"PIP4P2",0.137,3
"T7","Oligodendrocytes","0","purple",858,"PLEKHA3",0.137,3
"T7","Oligodendrocytes","0","purple",858,"FAM219A",0.135,3
"T7","Oligodendrocytes","0","purple",858,"TEF",0.134,3
"T7","Oligodendrocytes","0","purple",858,"USP49",0.131,3
"T7","Oligodendrocytes","0","purple",858,"INPP5B",0.13,3
"T7","Oligodendrocytes","0","purple",858,"RNF220",0.128,2
"T7","Oligodendrocytes","0","purple",858,"TBPL1",0.128,2
"T7","Oligodendrocytes","0","purple",858,"CSNK1G3",0.127,2
"T7","Oligodendrocytes","0","purple",858,"PIP4K2B",0.122,2
"T7","Oligodendrocytes","0","purple",858,"GORASP2",0.12,2
"T7","Oligodendrocytes","0","purple",858,"MTF1",0.116,2
"T7","Oligodendrocytes","0","purple",858,"TANGO2",0.113,2
"T7","Oligodendrocytes","0","purple",858,"CHIC2",0.109,2
"T7","Oligodendrocytes","0","purple",858,"RGS12",0.109,2
"T7","Oligodendrocytes","0","purple",858,"C6orf89",0.102,1
"T7","Oligodendrocytes","0","purple",858,"GTF2B",0.101,1
"T7","Oligodendrocytes","0","purple",858,"MTREX",0.1,1
"T7","Oligodendrocytes","0","purple",858,"ABCB10",0.096,1
"T7","Oligodendrocytes","0","purple",858,"AKAP8L",0.094,1
"T7","Oligodendrocytes","0","purple",858,"YTHDF1",0.093,1
"T7","Oligodendrocytes","0","purple",858,"DDI2",0.088,1
"T7","Oligodendrocytes","0","purple",858,"MB21D2",0.086,1
"T7","Oligodendrocytes","0","purple",858,"SYNRG",0.085,0
"T7","Oligodendrocytes","0","pink",555,"SLC38A2",0.953,100
"T7","Oligodendrocytes","0","pink",555,"ANLN",0.948,100
"T7","Oligodendrocytes","0","pink",555,"SEPT8",0.946,100
"T7","Oligodendrocytes","0","pink",555,"CPQ",0.943,100
"T7","Oligodendrocytes","0","pink",555,"RGCC",0.93,100
"T7","Oligodendrocytes","0","pink",555,"MID1IP1",0.928,100
"T7","Oligodendrocytes","0","pink",555,"NCAM1",0.92,99
"T7","Oligodendrocytes","0","pink",555,"SLC39A11",0.919,99
"T7","Oligodendrocytes","0","pink",555,"CCP110",0.914,99
"T7","Oligodendrocytes","0","pink",555,"PNISR",0.912,99
"T7","Oligodendrocytes","0","pink",555,"ERBIN",0.91,99
"T7","Oligodendrocytes","0","pink",555,"PPA1",0.906,99
"T7","Oligodendrocytes","0","pink",555,"ANAPC16",0.892,98
"T7","Oligodendrocytes","0","pink",555,"AC016831.7",0.891,98
"T7","Oligodendrocytes","0","pink",555,"CDKL1",0.885,98
"T7","Oligodendrocytes","0","pink",555,"USP31",0.882,98
"T7","Oligodendrocytes","0","pink",555,"DNAJB6",0.881,98
"T7","Oligodendrocytes","0","pink",555,"CLMN",0.879,97
"T7","Oligodendrocytes","0","pink",555,"HP1BP3",0.878,97
"T7","Oligodendrocytes","0","pink",555,"AMER2",0.875,97
"T7","Oligodendrocytes","0","pink",555,"METTL7A",0.874,97
"T7","Oligodendrocytes","0","pink",555,"ADIPOR2",0.873,97
"T7","Oligodendrocytes","0","pink",555,"SLC44A1",0.873,97
"T7","Oligodendrocytes","0","pink",555,"PPP4R2",0.868,96
"T7","Oligodendrocytes","0","pink",555,"AC009063.2",0.86,96
"T7","Oligodendrocytes","0","pink",555,"FKBP5",0.857,96
"T7","Oligodendrocytes","0","pink",555,"NUFIP2",0.857,96
"T7","Oligodendrocytes","0","pink",555,"SOWAHA",0.856,96
"T7","Oligodendrocytes","0","pink",555,"FANCC",0.848,95
"T7","Oligodendrocytes","0","pink",555,"LINC00513",0.847,95
"T7","Oligodendrocytes","0","pink",555,"LAMP2",0.842,95
"T7","Oligodendrocytes","0","pink",555,"CA2",0.833,95
"T7","Oligodendrocytes","0","pink",555,"ELMO1",0.83,95
"T7","Oligodendrocytes","0","pink",555,"SEM1",0.827,94
"T7","Oligodendrocytes","0","pink",555,"ATP1B3",0.827,95
"T7","Oligodendrocytes","0","pink",555,"CLCN4",0.824,94
"T7","Oligodendrocytes","0","pink",555,"CREBRF",0.824,94
"T7","Oligodendrocytes","0","pink",555,"MAP4K5",0.823,94
"T7","Oligodendrocytes","0","pink",555,"BBS9",0.823,94
"T7","Oligodendrocytes","0","pink",555,"CHDH",0.821,93
"T7","Oligodendrocytes","0","pink",555,"RBM48",0.819,93
"T7","Oligodendrocytes","0","pink",555,"MKLN1",0.818,93
"T7","Oligodendrocytes","0","pink",555,"NFKBIA",0.817,93
"T7","Oligodendrocytes","0","pink",555,"SORT1",0.814,93
"T7","Oligodendrocytes","0","pink",555,"LIFR",0.813,92
"T7","Oligodendrocytes","0","pink",555,"FAM13B",0.813,93
"T7","Oligodendrocytes","0","pink",555,"PEX5L",0.812,92
"T7","Oligodendrocytes","0","pink",555,"COPA",0.805,92
"T7","Oligodendrocytes","0","pink",555,"MAP2K4",0.804,92
"T7","Oligodendrocytes","0","pink",555,"NDRG1",0.803,92
"T7","Oligodendrocytes","0","pink",555,"ZNF706",0.801,91
"T7","Oligodendrocytes","0","pink",555,"SRSF7",0.798,91
"T7","Oligodendrocytes","0","pink",555,"ITPR1",0.798,91
"T7","Oligodendrocytes","0","pink",555,"ADSS",0.796,91
"T7","Oligodendrocytes","0","pink",555,"SRRM2",0.796,91
"T7","Oligodendrocytes","0","pink",555,"LHFPL2",0.793,91
"T7","Oligodendrocytes","0","pink",555,"PHYHIPL",0.792,90
"T7","Oligodendrocytes","0","pink",555,"JADE2",0.787,90
"T7","Oligodendrocytes","0","pink",555,"KLHL21",0.786,90
"T7","Oligodendrocytes","0","pink",555,"HMGN3",0.778,90
"T7","Oligodendrocytes","0","pink",555,"NAP1L4",0.775,90
"T7","Oligodendrocytes","0","pink",555,"RAD21",0.774,89
"T7","Oligodendrocytes","0","pink",555,"CAMK2N1",0.774,89
"T7","Oligodendrocytes","0","pink",555,"PURA",0.769,89
"T7","Oligodendrocytes","0","pink",555,"DOCK5",0.767,89
"T7","Oligodendrocytes","0","pink",555,"AC006148.1",0.766,89
"T7","Oligodendrocytes","0","pink",555,"FRYL",0.765,89
"T7","Oligodendrocytes","0","pink",555,"CAB39L",0.764,88
"T7","Oligodendrocytes","0","pink",555,"ZSWIM6",0.764,88
"T7","Oligodendrocytes","0","pink",555,"ACER3",0.764,88
"T7","Oligodendrocytes","0","pink",555,"PNRC1",0.762,88
"T7","Oligodendrocytes","0","pink",555,"HSPA2",0.76,88
"T7","Oligodendrocytes","0","pink",555,"HOOK2",0.759,88
"T7","Oligodendrocytes","0","pink",555,"ADAM12",0.757,87
"T7","Oligodendrocytes","0","pink",555,"CLIP4",0.756,87
"T7","Oligodendrocytes","0","pink",555,"FGF1",0.755,87
"T7","Oligodendrocytes","0","pink",555,"ANKRD12",0.754,87
"T7","Oligodendrocytes","0","pink",555,"ATG4B",0.753,87
"T7","Oligodendrocytes","0","pink",555,"VPS13C",0.752,86
"T7","Oligodendrocytes","0","pink",555,"PAPOLA",0.752,86
"T7","Oligodendrocytes","0","pink",555,"DYNC1LI2",0.752,86
"T7","Oligodendrocytes","0","pink",555,"GPRC5B",0.752,86
"T7","Oligodendrocytes","0","pink",555,"PNPT1",0.751,86
"T7","Oligodendrocytes","0","pink",555,"SUN2",0.75,85
"T7","Oligodendrocytes","0","pink",555,"ZBTB1",0.75,86
"T7","Oligodendrocytes","0","pink",555,"PRKCE",0.749,85
"T7","Oligodendrocytes","0","pink",555,"IGF1R",0.749,85
"T7","Oligodendrocytes","0","pink",555,"PACRG-AS3",0.744,85
"T7","Oligodendrocytes","0","pink",555,"MARCH6",0.743,85
"T7","Oligodendrocytes","0","pink",555,"EIF5",0.742,84
"T7","Oligodendrocytes","0","pink",555,"IRAK2",0.741,84
"T7","Oligodendrocytes","0","pink",555,"NORAD",0.739,84
"T7","Oligodendrocytes","0","pink",555,"DST",0.739,84
"T7","Oligodendrocytes","0","pink",555,"RDX",0.739,84
"T7","Oligodendrocytes","0","pink",555,"ZCCHC24",0.734,83
"T7","Oligodendrocytes","0","pink",555,"AZGP1",0.734,83
"T7","Oligodendrocytes","0","pink",555,"ARRDC2",0.734,84
"T7","Oligodendrocytes","0","pink",555,"TLE4",0.732,83
"T7","Oligodendrocytes","0","pink",555,"GTF2H2",0.729,83
"T7","Oligodendrocytes","0","pink",555,"ZNF652",0.728,83
"T7","Oligodendrocytes","0","pink",555,"SYNJ2",0.727,82
"T7","Oligodendrocytes","0","pink",555,"AL023284.4",0.725,82
"T7","Oligodendrocytes","0","pink",555,"NDRG2",0.723,82
"T7","Oligodendrocytes","0","pink",555,"IGSF11",0.721,82
"T7","Oligodendrocytes","0","pink",555,"DDX3Y",0.72,82
"T7","Oligodendrocytes","0","pink",555,"ADAM10",0.719,82
"T7","Oligodendrocytes","0","pink",555,"PHF3",0.714,81
"T7","Oligodendrocytes","0","pink",555,"ZMYND8",0.712,81
"T7","Oligodendrocytes","0","pink",555,"CPEB3",0.712,81
"T7","Oligodendrocytes","0","pink",555,"ZNF365",0.709,81
"T7","Oligodendrocytes","0","pink",555,"RNF144A",0.709,81
"T7","Oligodendrocytes","0","pink",555,"CNOT2",0.708,80
"T7","Oligodendrocytes","0","pink",555,"NFKBIZ",0.708,80
"T7","Oligodendrocytes","0","pink",555,"ADAMTSL3",0.708,80
"T7","Oligodendrocytes","0","pink",555,"NACC2",0.705,80
"T7","Oligodendrocytes","0","pink",555,"TRPC5",0.705,80
"T7","Oligodendrocytes","0","pink",555,"LSS",0.704,80
"T7","Oligodendrocytes","0","pink",555,"JAKMIP3",0.7,79
"T7","Oligodendrocytes","0","pink",555,"ARHGAP12",0.7,79
"T7","Oligodendrocytes","0","pink",555,"NPAS3",0.696,79
"T7","Oligodendrocytes","0","pink",555,"RAB9A",0.694,79
"T7","Oligodendrocytes","0","pink",555,"IP6K3",0.69,78
"T7","Oligodendrocytes","0","pink",555,"CGGBP1",0.69,79
"T7","Oligodendrocytes","0","pink",555,"HNRNPA2B1",0.688,78
"T7","Oligodendrocytes","0","pink",555,"YY1",0.688,78
"T7","Oligodendrocytes","0","pink",555,"ABCC5",0.684,78
"T7","Oligodendrocytes","0","pink",555,"AC011997.1",0.683,78
"T7","Oligodendrocytes","0","pink",555,"CTBP2",0.683,78
"T7","Oligodendrocytes","0","pink",555,"KIAA1147",0.682,77
"T7","Oligodendrocytes","0","pink",555,"CTNNA1",0.682,77
"T7","Oligodendrocytes","0","pink",555,"RSBN1L",0.681,77
"T7","Oligodendrocytes","0","pink",555,"SGK3",0.681,77
"T7","Oligodendrocytes","0","pink",555,"GTF2I",0.68,76
"T7","Oligodendrocytes","0","pink",555,"HNRNPH3",0.68,77
"T7","Oligodendrocytes","0","pink",555,"AHSA1",0.679,76
"T7","Oligodendrocytes","0","pink",555,"PAK2",0.679,76
"T7","Oligodendrocytes","0","pink",555,"PPP2R3C",0.679,76
"T7","Oligodendrocytes","0","pink",555,"SLC6A15",0.677,76
"T7","Oligodendrocytes","0","pink",555,"GINM1",0.676,76
"T7","Oligodendrocytes","0","pink",555,"POU3F2",0.675,75
"T7","Oligodendrocytes","0","pink",555,"AC104461.1",0.674,75
"T7","Oligodendrocytes","0","pink",555,"KIF5B",0.672,75
"T7","Oligodendrocytes","0","pink",555,"IRS2",0.671,75
"T7","Oligodendrocytes","0","pink",555,"ARHGEF7",0.67,75
"T7","Oligodendrocytes","0","pink",555,"NBDY",0.668,75
"T7","Oligodendrocytes","0","pink",555,"USP34",0.667,74
"T7","Oligodendrocytes","0","pink",555,"EDIL3",0.666,74
"T7","Oligodendrocytes","0","pink",555,"MYOT",0.663,74
"T7","Oligodendrocytes","0","pink",555,"DOCK1",0.662,74
"T7","Oligodendrocytes","0","pink",555,"MAT2A",0.662,74
"T7","Oligodendrocytes","0","pink",555,"TARSL2",0.66,73
"T7","Oligodendrocytes","0","pink",555,"TSEN15",0.657,73
"T7","Oligodendrocytes","0","pink",555,"CLOCK",0.653,73
"T7","Oligodendrocytes","0","pink",555,"ETV5",0.652,73
"T7","Oligodendrocytes","0","pink",555,"MRAS",0.651,73
"T7","Oligodendrocytes","0","pink",555,"FEM1B",0.65,73
"T7","Oligodendrocytes","0","pink",555,"VAPA",0.649,72
"T7","Oligodendrocytes","0","pink",555,"DHX9",0.649,72
"T7","Oligodendrocytes","0","pink",555,"WIPI1",0.648,72
"T7","Oligodendrocytes","0","pink",555,"AMD1",0.646,72
"T7","Oligodendrocytes","0","pink",555,"NRG2",0.642,72
"T7","Oligodendrocytes","0","pink",555,"WDFY3",0.641,71
"T7","Oligodendrocytes","0","pink",555,"RAB10",0.641,71
"T7","Oligodendrocytes","0","pink",555,"AEBP2",0.639,71
"T7","Oligodendrocytes","0","pink",555,"BTG1",0.637,71
"T7","Oligodendrocytes","0","pink",555,"HDAC4",0.636,71
"T7","Oligodendrocytes","0","pink",555,"IFT88",0.635,70
"T7","Oligodendrocytes","0","pink",555,"RNF169",0.635,70
"T7","Oligodendrocytes","0","pink",555,"NEAT1",0.635,71
"T7","Oligodendrocytes","0","pink",555,"CNTNAP2",0.634,70
"T7","Oligodendrocytes","0","pink",555,"HSP90AA1",0.633,70
"T7","Oligodendrocytes","0","pink",555,"GTF3A",0.633,70
"T7","Oligodendrocytes","0","pink",555,"UTP23",0.632,69
"T7","Oligodendrocytes","0","pink",555,"GPR135",0.632,69
"T7","Oligodendrocytes","0","pink",555,"ITPKB",0.628,69
"T7","Oligodendrocytes","0","pink",555,"STARD7",0.626,69
"T7","Oligodendrocytes","0","pink",555,"CASC4",0.625,69
"T7","Oligodendrocytes","0","pink",555,"HMGB1",0.625,69
"T7","Oligodendrocytes","0","pink",555,"USP54",0.623,68
"T7","Oligodendrocytes","0","pink",555,"CLK1",0.623,68
"T7","Oligodendrocytes","0","pink",555,"RAD18",0.621,68
"T7","Oligodendrocytes","0","pink",555,"CEP97",0.62,68
"T7","Oligodendrocytes","0","pink",555,"TMC6",0.62,68
"T7","Oligodendrocytes","0","pink",555,"ADARB2",0.619,67
"T7","Oligodendrocytes","0","pink",555,"CCDC59",0.619,67
"T7","Oligodendrocytes","0","pink",555,"MTMR2",0.617,67
"T7","Oligodendrocytes","0","pink",555,"TCAIM",0.615,67
"T7","Oligodendrocytes","0","pink",555,"SLCO1A2",0.611,67
"T7","Oligodendrocytes","0","pink",555,"DEK",0.61,66
"T7","Oligodendrocytes","0","pink",555,"RASSF4",0.61,67
"T7","Oligodendrocytes","0","pink",555,"UBE2R2",0.608,66
"T7","Oligodendrocytes","0","pink",555,"AKIRIN1",0.608,66
"T7","Oligodendrocytes","0","pink",555,"ARID5B",0.607,66
"T7","Oligodendrocytes","0","pink",555,"GNAO1",0.606,66
"T7","Oligodendrocytes","0","pink",555,"SNRNP48",0.605,65
"T7","Oligodendrocytes","0","pink",555,"CORO2B",0.605,65
"T7","Oligodendrocytes","0","pink",555,"NAT8L",0.604,65
"T7","Oligodendrocytes","0","pink",555,"AC005261.1",0.602,65
"T7","Oligodendrocytes","0","pink",555,"MSI2",0.601,65
"T7","Oligodendrocytes","0","pink",555,"AC124312.1",0.601,65
"T7","Oligodendrocytes","0","pink",555,"DEAF1",0.6,64
"T7","Oligodendrocytes","0","pink",555,"CCT4",0.6,64
"T7","Oligodendrocytes","0","pink",555,"PLCL1",0.6,64
"T7","Oligodendrocytes","0","pink",555,"PWWP2A",0.599,64
"T7","Oligodendrocytes","0","pink",555,"SLC35F3",0.593,64
"T7","Oligodendrocytes","0","pink",555,"MT-CYB",0.592,63
"T7","Oligodendrocytes","0","pink",555,"FAN1",0.59,63
"T7","Oligodendrocytes","0","pink",555,"SGMS1",0.59,63
"T7","Oligodendrocytes","0","pink",555,"TSPAN14",0.588,63
"T7","Oligodendrocytes","0","pink",555,"PLD5",0.587,63
"T7","Oligodendrocytes","0","pink",555,"MSL2",0.584,63
"T7","Oligodendrocytes","0","pink",555,"ANKRD13D",0.582,62
"T7","Oligodendrocytes","0","pink",555,"ATXN2L",0.579,62
"T7","Oligodendrocytes","0","pink",555,"BNIP3L",0.579,62
"T7","Oligodendrocytes","0","pink",555,"PSMA4",0.579,62
"T7","Oligodendrocytes","0","pink",555,"VEZF1",0.579,62
"T7","Oligodendrocytes","0","pink",555,"WDSUB1",0.578,62
"T7","Oligodendrocytes","0","pink",555,"LARP1",0.577,61
"T7","Oligodendrocytes","0","pink",555,"BET1",0.576,61
"T7","Oligodendrocytes","0","pink",555,"ALDH2",0.576,61
"T7","Oligodendrocytes","0","pink",555,"MTURN",0.575,61
"T7","Oligodendrocytes","0","pink",555,"MPHOSPH8",0.575,61
"T7","Oligodendrocytes","0","pink",555,"SRP19",0.573,60
"T7","Oligodendrocytes","0","pink",555,"TBC1D5",0.573,60
"T7","Oligodendrocytes","0","pink",555,"TMX1",0.573,60
"T7","Oligodendrocytes","0","pink",555,"THRA",0.572,60
"T7","Oligodendrocytes","0","pink",555,"TIAL1",0.57,59
"T7","Oligodendrocytes","0","pink",555,"TARS",0.57,60
"T7","Oligodendrocytes","0","pink",555,"NCOA4",0.57,60
"T7","Oligodendrocytes","0","pink",555,"MRPL19",0.569,59
"T7","Oligodendrocytes","0","pink",555,"NPC1",0.567,59
"T7","Oligodendrocytes","0","pink",555,"NIPBL",0.566,58
"T7","Oligodendrocytes","0","pink",555,"SRSF10",0.566,59
"T7","Oligodendrocytes","0","pink",555,"SH3KBP1",0.566,59
"T7","Oligodendrocytes","0","pink",555,"AC092835.1",0.564,58
"T7","Oligodendrocytes","0","pink",555,"USP47",0.56,58
"T7","Oligodendrocytes","0","pink",555,"ARHGAP32",0.56,58
"T7","Oligodendrocytes","0","pink",555,"RPS27L",0.558,58
"T7","Oligodendrocytes","0","pink",555,"PAXBP1",0.556,58
"T7","Oligodendrocytes","0","pink",555,"DNMT1",0.553,57
"T7","Oligodendrocytes","0","pink",555,"POLDIP3",0.552,57
"T7","Oligodendrocytes","0","pink",555,"MT-ND3",0.552,57
"T7","Oligodendrocytes","0","pink",555,"CPOX",0.55,57
"T7","Oligodendrocytes","0","pink",555,"RALGDS",0.547,56
"T7","Oligodendrocytes","0","pink",555,"UFD1",0.547,57
"T7","Oligodendrocytes","0","pink",555,"EPB41L5",0.546,56
"T7","Oligodendrocytes","0","pink",555,"ANKRD40",0.545,56
"T7","Oligodendrocytes","0","pink",555,"KCNJ2",0.545,56
"T7","Oligodendrocytes","0","pink",555,"PICK1",0.545,56
"T7","Oligodendrocytes","0","pink",555,"EIF4G2",0.544,56
"T7","Oligodendrocytes","0","pink",555,"RASSF8",0.543,55
"T7","Oligodendrocytes","0","pink",555,"ZNF24",0.543,55
"T7","Oligodendrocytes","0","pink",555,"ATRX",0.542,55
"T7","Oligodendrocytes","0","pink",555,"RCC2",0.541,55
"T7","Oligodendrocytes","0","pink",555,"LARP7",0.541,55
"T7","Oligodendrocytes","0","pink",555,"SMYD3",0.54,54
"T7","Oligodendrocytes","0","pink",555,"PCNP",0.54,54
"T7","Oligodendrocytes","0","pink",555,"TOPORS",0.539,54
"T7","Oligodendrocytes","0","pink",555,"EGLN3",0.537,54
"T7","Oligodendrocytes","0","pink",555,"SPAG9",0.536,54
"T7","Oligodendrocytes","0","pink",555,"SLC6A9",0.536,54
"T7","Oligodendrocytes","0","pink",555,"TANC2",0.535,53
"T7","Oligodendrocytes","0","pink",555,"NXPE3",0.533,53
"T7","Oligodendrocytes","0","pink",555,"TAX1BP1",0.531,53
"T7","Oligodendrocytes","0","pink",555,"LPIN2",0.53,53
"T7","Oligodendrocytes","0","pink",555,"VGLL4",0.53,53
"T7","Oligodendrocytes","0","pink",555,"ENSA",0.529,52
"T7","Oligodendrocytes","0","pink",555,"ELF1",0.529,52
"T7","Oligodendrocytes","0","pink",555,"CNTRL",0.527,52
"T7","Oligodendrocytes","0","pink",555,"KANSL1",0.527,52
"T7","Oligodendrocytes","0","pink",555,"EMSY",0.526,52
"T7","Oligodendrocytes","0","pink",555,"SERPINI1",0.525,52
"T7","Oligodendrocytes","0","pink",555,"MAX",0.523,51
"T7","Oligodendrocytes","0","pink",555,"TTBK2",0.522,51
"T7","Oligodendrocytes","0","pink",555,"CRYBG3",0.522,51
"T7","Oligodendrocytes","0","pink",555,"AL021707.1",0.522,51
"T7","Oligodendrocytes","0","pink",555,"GAB1",0.522,51
"T7","Oligodendrocytes","0","pink",555,"FAM118A",0.521,50
"T7","Oligodendrocytes","0","pink",555,"RANBP2",0.521,50
"T7","Oligodendrocytes","0","pink",555,"MT-ATP6",0.518,50
"T7","Oligodendrocytes","0","pink",555,"SACS",0.517,50
"T7","Oligodendrocytes","0","pink",555,"KAT2A",0.516,50
"T7","Oligodendrocytes","0","pink",555,"GPR75-ASB3",0.516,50
"T7","Oligodendrocytes","0","pink",555,"PPP1R10",0.515,49
"T7","Oligodendrocytes","0","pink",555,"MIA3",0.515,49
"T7","Oligodendrocytes","0","pink",555,"PTPN11",0.515,49
"T7","Oligodendrocytes","0","pink",555,"CELSR2",0.514,49
"T7","Oligodendrocytes","0","pink",555,"FERMT2",0.514,49
"T7","Oligodendrocytes","0","pink",555,"HLA-C",0.513,49
"T7","Oligodendrocytes","0","pink",555,"ZNF281",0.512,48
"T7","Oligodendrocytes","0","pink",555,"CCDC90B",0.511,48
"T7","Oligodendrocytes","0","pink",555,"C2orf69",0.51,48
"T7","Oligodendrocytes","0","pink",555,"PHF10",0.51,48
"T7","Oligodendrocytes","0","pink",555,"RCAN1",0.509,47
"T7","Oligodendrocytes","0","pink",555,"ZDHHC2",0.509,48
"T7","Oligodendrocytes","0","pink",555,"SLC6A6",0.507,47
"T7","Oligodendrocytes","0","pink",555,"SNX2",0.506,47
"T7","Oligodendrocytes","0","pink",555,"IPO7",0.506,47
"T7","Oligodendrocytes","0","pink",555,"HS6ST1",0.505,47
"T7","Oligodendrocytes","0","pink",555,"CRK",0.504,46
"T7","Oligodendrocytes","0","pink",555,"GIPC2",0.504,47
"T7","Oligodendrocytes","0","pink",555,"MSH6",0.502,46
"T7","Oligodendrocytes","0","pink",555,"KIAA2026",0.502,46
"T7","Oligodendrocytes","0","pink",555,"FMO5",0.501,46
"T7","Oligodendrocytes","0","pink",555,"BAHCC1",0.501,46
"T7","Oligodendrocytes","0","pink",555,"CHSY3",0.499,45
"T7","Oligodendrocytes","0","pink",555,"GCFC2",0.499,45
"T7","Oligodendrocytes","0","pink",555,"LDLRAP1",0.499,45
"T7","Oligodendrocytes","0","pink",555,"TMED5",0.496,45
"T7","Oligodendrocytes","0","pink",555,"THUMPD3-AS1",0.496,45
"T7","Oligodendrocytes","0","pink",555,"GK5",0.496,45
"T7","Oligodendrocytes","0","pink",555,"SORL1",0.495,44
"T7","Oligodendrocytes","0","pink",555,"RBBP6",0.493,44
"T7","Oligodendrocytes","0","pink",555,"KLHDC2",0.487,44
"T7","Oligodendrocytes","0","pink",555,"NECTIN3",0.486,43
"T7","Oligodendrocytes","0","pink",555,"TMEM245",0.486,43
"T7","Oligodendrocytes","0","pink",555,"CCT8",0.486,44
"T7","Oligodendrocytes","0","pink",555,"AL139260.1",0.486,44
"T7","Oligodendrocytes","0","pink",555,"FBXO32",0.485,43
"T7","Oligodendrocytes","0","pink",555,"KBTBD11",0.483,43
"T7","Oligodendrocytes","0","pink",555,"SLC25A32",0.481,43
"T7","Oligodendrocytes","0","pink",555,"AC109927.1",0.48,42
"T7","Oligodendrocytes","0","pink",555,"SLC36A4",0.48,43
"T7","Oligodendrocytes","0","pink",555,"HDLBP",0.479,42
"T7","Oligodendrocytes","0","pink",555,"SBNO1",0.479,42
"T7","Oligodendrocytes","0","pink",555,"PRPF38B",0.478,42
"T7","Oligodendrocytes","0","pink",555,"DDX3X",0.476,42
"T7","Oligodendrocytes","0","pink",555,"SALL1",0.475,41
"T7","Oligodendrocytes","0","pink",555,"AL592183.1",0.473,41
"T7","Oligodendrocytes","0","pink",555,"UIMC1",0.471,41
"T7","Oligodendrocytes","0","pink",555,"ZNF146",0.471,41
"T7","Oligodendrocytes","0","pink",555,"MT-ND2",0.47,41
"T7","Oligodendrocytes","0","pink",555,"WDR41",0.47,41
"T7","Oligodendrocytes","0","pink",555,"RNF24",0.467,40
"T7","Oligodendrocytes","0","pink",555,"IP6K2",0.465,40
"T7","Oligodendrocytes","0","pink",555,"MBNL1",0.462,40
"T7","Oligodendrocytes","0","pink",555,"ATE1",0.461,40
"T7","Oligodendrocytes","0","pink",555,"LINC01445",0.46,39
"T7","Oligodendrocytes","0","pink",555,"TMED10",0.46,39
"T7","Oligodendrocytes","0","pink",555,"CYB5R4",0.46,40
"T7","Oligodendrocytes","0","pink",555,"ELK4",0.459,39
"T7","Oligodendrocytes","0","pink",555,"ATG4C",0.459,39
"T7","Oligodendrocytes","0","pink",555,"AC013394.1",0.457,38
"T7","Oligodendrocytes","0","pink",555,"LARP1B",0.457,39
"T7","Oligodendrocytes","0","pink",555,"CCDC126",0.457,39
"T7","Oligodendrocytes","0","pink",555,"NTM",0.455,38
"T7","Oligodendrocytes","0","pink",555,"TCP1",0.455,38
"T7","Oligodendrocytes","0","pink",555,"CACYBP",0.454,38
"T7","Oligodendrocytes","0","pink",555,"LRRC8A",0.453,38
"T7","Oligodendrocytes","0","pink",555,"RING1",0.452,38
"T7","Oligodendrocytes","0","pink",555,"PEAK1",0.45,37
"T7","Oligodendrocytes","0","pink",555,"UBE4A",0.448,37
"T7","Oligodendrocytes","0","pink",555,"ANKH",0.446,37
"T7","Oligodendrocytes","0","pink",555,"C9orf72",0.445,37
"T7","Oligodendrocytes","0","pink",555,"KIAA0586",0.444,37
"T7","Oligodendrocytes","0","pink",555,"JADE3",0.443,36
"T7","Oligodendrocytes","0","pink",555,"TMOD2",0.443,36
"T7","Oligodendrocytes","0","pink",555,"N4BP2L2",0.443,36
"T7","Oligodendrocytes","0","pink",555,"TNS1",0.441,36
"T7","Oligodendrocytes","0","pink",555,"HEXDC",0.439,35
"T7","Oligodendrocytes","0","pink",555,"SOCS5",0.439,36
"T7","Oligodendrocytes","0","pink",555,"CLCN7",0.439,36
"T7","Oligodendrocytes","0","pink",555,"SEMA5A",0.438,35
"T7","Oligodendrocytes","0","pink",555,"NEO1",0.437,34
"T7","Oligodendrocytes","0","pink",555,"UBA2",0.437,35
"T7","Oligodendrocytes","0","pink",555,"ITGB5",0.437,35
"T7","Oligodendrocytes","0","pink",555,"KIF3A",0.437,35
"T7","Oligodendrocytes","0","pink",555,"ERGIC1",0.436,34
"T7","Oligodendrocytes","0","pink",555,"SLITRK2",0.434,34
"T7","Oligodendrocytes","0","pink",555,"TM2D3",0.431,34
"T7","Oligodendrocytes","0","pink",555,"ZMIZ1",0.427,34
"T7","Oligodendrocytes","0","pink",555,"RMND5A",0.424,33
"T7","Oligodendrocytes","0","pink",555,"CHSY1",0.424,34
"T7","Oligodendrocytes","0","pink",555,"WNK1",0.423,33
"T7","Oligodendrocytes","0","pink",555,"CROCC",0.422,33
"T7","Oligodendrocytes","0","pink",555,"DENND4B",0.422,33
"T7","Oligodendrocytes","0","pink",555,"EPC1",0.422,33
"T7","Oligodendrocytes","0","pink",555,"PEPD",0.421,32
"T7","Oligodendrocytes","0","pink",555,"CXXC5",0.418,32
"T7","Oligodendrocytes","0","pink",555,"LDLRAD3",0.416,32
"T7","Oligodendrocytes","0","pink",555,"DOCK7",0.413,32
"T7","Oligodendrocytes","0","pink",555,"KIAA1551",0.412,32
"T7","Oligodendrocytes","0","pink",555,"SPRED2",0.412,32
"T7","Oligodendrocytes","0","pink",555,"ZBTB41",0.41,31
"T7","Oligodendrocytes","0","pink",555,"LMO4",0.409,31
"T7","Oligodendrocytes","0","pink",555,"RB1",0.407,31
"T7","Oligodendrocytes","0","pink",555,"ZNF33A",0.405,31
"T7","Oligodendrocytes","0","pink",555,"BACH1",0.405,31
"T7","Oligodendrocytes","0","pink",555,"CBX5",0.404,30
"T7","Oligodendrocytes","0","pink",555,"RAPGEF5",0.401,30
"T7","Oligodendrocytes","0","pink",555,"TSPAN3",0.399,30
"T7","Oligodendrocytes","0","pink",555,"YAE1D1",0.399,30
"T7","Oligodendrocytes","0","pink",555,"CNOT8",0.398,30
"T7","Oligodendrocytes","0","pink",555,"TTC19",0.397,30
"T7","Oligodendrocytes","0","pink",555,"FGD5-AS1",0.393,29
"T7","Oligodendrocytes","0","pink",555,"LYRM2",0.392,29
"T7","Oligodendrocytes","0","pink",555,"ZSWIM7",0.391,29
"T7","Oligodendrocytes","0","pink",555,"RANGAP1",0.39,28
"T7","Oligodendrocytes","0","pink",555,"NCOA5",0.39,28
"T7","Oligodendrocytes","0","pink",555,"HDAC2",0.39,29
"T7","Oligodendrocytes","0","pink",555,"TRMT10B",0.39,29
"T7","Oligodendrocytes","0","pink",555,"OGFOD1",0.389,28
"T7","Oligodendrocytes","0","pink",555,"UBE2G2",0.388,28
"T7","Oligodendrocytes","0","pink",555,"USP32",0.387,28
"T7","Oligodendrocytes","0","pink",555,"RBM23",0.387,28
"T7","Oligodendrocytes","0","pink",555,"CD164",0.386,27
"T7","Oligodendrocytes","0","pink",555,"LSM8",0.386,27
"T7","Oligodendrocytes","0","pink",555,"TCF20",0.385,27
"T7","Oligodendrocytes","0","pink",555,"MTX2",0.385,27
"T7","Oligodendrocytes","0","pink",555,"NRDC",0.382,27
"T7","Oligodendrocytes","0","pink",555,"ERRFI1",0.381,26
"T7","Oligodendrocytes","0","pink",555,"CHD7",0.381,26
"T7","Oligodendrocytes","0","pink",555,"ZNF680",0.381,26
"T7","Oligodendrocytes","0","pink",555,"ZBTB7A",0.379,26
"T7","Oligodendrocytes","0","pink",555,"ENPP6",0.378,26
"T7","Oligodendrocytes","0","pink",555,"BPTF",0.377,26
"T7","Oligodendrocytes","0","pink",555,"ZSWIM5",0.376,25
"T7","Oligodendrocytes","0","pink",555,"NOL4L",0.374,25
"T7","Oligodendrocytes","0","pink",555,"SUGP2",0.374,25
"T7","Oligodendrocytes","0","pink",555,"SLTM",0.373,25
"T7","Oligodendrocytes","0","pink",555,"TMEM273",0.371,25
"T7","Oligodendrocytes","0","pink",555,"SERGEF",0.37,25
"T7","Oligodendrocytes","0","pink",555,"ZFAND6",0.366,24
"T7","Oligodendrocytes","0","pink",555,"ZNF106",0.364,24
"T7","Oligodendrocytes","0","pink",555,"CEBPZOS",0.362,24
"T7","Oligodendrocytes","0","pink",555,"GDE1",0.362,24
"T7","Oligodendrocytes","0","pink",555,"PHF6",0.362,24
"T7","Oligodendrocytes","0","pink",555,"SETD4",0.36,23
"T7","Oligodendrocytes","0","pink",555,"ASAP1",0.356,23
"T7","Oligodendrocytes","0","pink",555,"FANCB",0.354,23
"T7","Oligodendrocytes","0","pink",555,"ERP44",0.351,23
"T7","Oligodendrocytes","0","pink",555,"PRPSAP1",0.351,23
"T7","Oligodendrocytes","0","pink",555,"NDRG3",0.35,23
"T7","Oligodendrocytes","0","pink",555,"HNRNPF",0.349,22
"T7","Oligodendrocytes","0","pink",555,"GOLGA3",0.348,22
"T7","Oligodendrocytes","0","pink",555,"CCT2",0.348,22
"T7","Oligodendrocytes","0","pink",555,"PGRMC2",0.347,22
"T7","Oligodendrocytes","0","pink",555,"ZBTB40",0.346,22
"T7","Oligodendrocytes","0","pink",555,"ZNF81",0.345,21
"T7","Oligodendrocytes","0","pink",555,"MAPKBP1",0.34,21
"T7","Oligodendrocytes","0","pink",555,"ACTN4",0.34,21
"T7","Oligodendrocytes","0","pink",555,"GPT2",0.337,20
"T7","Oligodendrocytes","0","pink",555,"TOX3",0.337,21
"T7","Oligodendrocytes","0","pink",555,"FAM208B",0.337,21
"T7","Oligodendrocytes","0","pink",555,"ANO10",0.337,21
"T7","Oligodendrocytes","0","pink",555,"NIPA1",0.335,20
"T7","Oligodendrocytes","0","pink",555,"KBTBD2",0.332,20
"T7","Oligodendrocytes","0","pink",555,"INPP5F",0.332,20
"T7","Oligodendrocytes","0","pink",555,"PRRC2C",0.33,20
"T7","Oligodendrocytes","0","pink",555,"SMG9",0.329,19
"T7","Oligodendrocytes","0","pink",555,"CHD9",0.328,19
"T7","Oligodendrocytes","0","pink",555,"UBR3",0.327,19
"T7","Oligodendrocytes","0","pink",555,"NF1",0.326,19
"T7","Oligodendrocytes","0","pink",555,"ACAT1",0.326,19
"T7","Oligodendrocytes","0","pink",555,"XPC",0.325,19
"T7","Oligodendrocytes","0","pink",555,"PTPN2",0.324,18
"T7","Oligodendrocytes","0","pink",555,"PON2",0.321,18
"T7","Oligodendrocytes","0","pink",555,"URB1",0.319,18
"T7","Oligodendrocytes","0","pink",555,"NUAK1",0.319,18
"T7","Oligodendrocytes","0","pink",555,"UTP20",0.318,17
"T7","Oligodendrocytes","0","pink",555,"TRAPPC10",0.318,18
"T7","Oligodendrocytes","0","pink",555,"NFYB",0.317,17
"T7","Oligodendrocytes","0","pink",555,"SMC6",0.317,17
"T7","Oligodendrocytes","0","pink",555,"KPNA1",0.313,17
"T7","Oligodendrocytes","0","pink",555,"EIF2AK2",0.313,17
"T7","Oligodendrocytes","0","pink",555,"HPRT1",0.31,17
"T7","Oligodendrocytes","0","pink",555,"NKAIN1",0.309,16
"T7","Oligodendrocytes","0","pink",555,"ZNF253",0.307,16
"T7","Oligodendrocytes","0","pink",555,"PHAX",0.307,16
"T7","Oligodendrocytes","0","pink",555,"SPOP",0.305,16
"T7","Oligodendrocytes","0","pink",555,"PPFIA1",0.3,16
"T7","Oligodendrocytes","0","pink",555,"CIAO1",0.299,15
"T7","Oligodendrocytes","0","pink",555,"METTL4",0.299,15
"T7","Oligodendrocytes","0","pink",555,"CTR9",0.297,15
"T7","Oligodendrocytes","0","pink",555,"KIF1B",0.297,15
"T7","Oligodendrocytes","0","pink",555,"EXOSC6",0.295,15
"T7","Oligodendrocytes","0","pink",555,"EXTL3",0.291,15
"T7","Oligodendrocytes","0","pink",555,"ST6GALNAC3",0.289,14
"T7","Oligodendrocytes","0","pink",555,"GNAZ",0.288,14
"T7","Oligodendrocytes","0","pink",555,"PCNT",0.288,14
"T7","Oligodendrocytes","0","pink",555,"MT-ND4",0.283,14
"T7","Oligodendrocytes","0","pink",555,"ACTR3",0.275,14
"T7","Oligodendrocytes","0","pink",555,"ADGRL1",0.274,13
"T7","Oligodendrocytes","0","pink",555,"ADO",0.274,13
"T7","Oligodendrocytes","0","pink",555,"ANKRD17",0.273,13
"T7","Oligodendrocytes","0","pink",555,"ZFP36L2",0.272,13
"T7","Oligodendrocytes","0","pink",555,"SNX24",0.272,13
"T7","Oligodendrocytes","0","pink",555,"RBBP7",0.27,13
"T7","Oligodendrocytes","0","pink",555,"WSCD1",0.266,12
"T7","Oligodendrocytes","0","pink",555,"ZBTB43",0.263,12
"T7","Oligodendrocytes","0","pink",555,"BRD2",0.261,12
"T7","Oligodendrocytes","0","pink",555,"CTCF",0.258,12
"T7","Oligodendrocytes","0","pink",555,"VPS26A",0.256,12
"T7","Oligodendrocytes","0","pink",555,"RABEP1",0.254,12
"T7","Oligodendrocytes","0","pink",555,"GIGYF1",0.249,11
"T7","Oligodendrocytes","0","pink",555,"PDE9A",0.247,11
"T7","Oligodendrocytes","0","pink",555,"RCHY1",0.246,11
"T7","Oligodendrocytes","0","pink",555,"CTTN",0.244,10
"T7","Oligodendrocytes","0","pink",555,"FAM69C",0.244,11
"T7","Oligodendrocytes","0","pink",555,"ESD",0.244,11
"T7","Oligodendrocytes","0","pink",555,"ZNF718",0.243,10
"T7","Oligodendrocytes","0","pink",555,"AC010618.3",0.242,10
"T7","Oligodendrocytes","0","pink",555,"DYNC1LI1",0.238,10
"T7","Oligodendrocytes","0","pink",555,"BAZ1A",0.237,10
"T7","Oligodendrocytes","0","pink",555,"RASAL2",0.233,9
"T7","Oligodendrocytes","0","pink",555,"DGCR2",0.233,10
"T7","Oligodendrocytes","0","pink",555,"BRF1",0.23,9
"T7","Oligodendrocytes","0","pink",555,"CLPB",0.23,9
"T7","Oligodendrocytes","0","pink",555,"USF3",0.23,9
"T7","Oligodendrocytes","0","pink",555,"AL034405.1",0.229,9
"T7","Oligodendrocytes","0","pink",555,"ADAM19",0.225,8
"T7","Oligodendrocytes","0","pink",555,"HELLS",0.22,8
"T7","Oligodendrocytes","0","pink",555,"KPNA5",0.22,8
"T7","Oligodendrocytes","0","pink",555,"CDC5L",0.219,8
"T7","Oligodendrocytes","0","pink",555,"CNTLN",0.216,8
"T7","Oligodendrocytes","0","pink",555,"SPTLC1",0.216,8
"T7","Oligodendrocytes","0","pink",555,"SEC23B",0.211,7
"T7","Oligodendrocytes","0","pink",555,"DNAJA3",0.209,7
"T7","Oligodendrocytes","0","pink",555,"SLC30A5",0.209,7
"T7","Oligodendrocytes","0","pink",555,"DESI2",0.207,7
"T7","Oligodendrocytes","0","pink",555,"ZC3H18",0.207,7
"T7","Oligodendrocytes","0","pink",555,"TMEM38B",0.206,6
"T7","Oligodendrocytes","0","pink",555,"EIF4E2",0.203,6
"T7","Oligodendrocytes","0","pink",555,"FAM192A",0.2,6
"T7","Oligodendrocytes","0","pink",555,"XPOT",0.188,6
"T7","Oligodendrocytes","0","pink",555,"WDR82",0.182,6
"T7","Oligodendrocytes","0","pink",555,"ZNF264",0.179,5
"T7","Oligodendrocytes","0","pink",555,"SLC30A6",0.179,6
"T7","Oligodendrocytes","0","pink",555,"SLC25A28",0.178,5
"T7","Oligodendrocytes","0","pink",555,"NCK1",0.178,5
"T7","Oligodendrocytes","0","pink",555,"STAMBP",0.176,5
"T7","Oligodendrocytes","0","pink",555,"BUB3",0.175,5
"T7","Oligodendrocytes","0","pink",555,"NOS1AP",0.169,4
"T7","Oligodendrocytes","0","pink",555,"DIS3",0.164,4
"T7","Oligodendrocytes","0","pink",555,"OGDH",0.163,4
"T7","Oligodendrocytes","0","pink",555,"TM9SF2",0.161,4
"T7","Oligodendrocytes","0","pink",555,"IGBP1",0.159,4
"T7","Oligodendrocytes","0","pink",555,"VPS13A",0.156,4
"T7","Oligodendrocytes","0","pink",555,"NONO",0.154,3
"T7","Oligodendrocytes","0","pink",555,"BTD",0.152,3
"T7","Oligodendrocytes","0","pink",555,"PABPN1",0.142,3
"T7","Oligodendrocytes","0","pink",555,"LZIC",0.137,3
"T7","Oligodendrocytes","0","pink",555,"MCTS1",0.135,2
"T7","Oligodendrocytes","0","pink",555,"CHD4",0.135,3
"T7","Oligodendrocytes","0","pink",555,"CBL",0.127,2
"T7","Oligodendrocytes","0","pink",555,"KLHDC4",0.127,2
"T7","Oligodendrocytes","0","pink",555,"MAP2K6",0.122,2
"T7","Oligodendrocytes","0","pink",555,"GGA1",0.118,2
"T7","Oligodendrocytes","0","pink",555,"MKRN1",0.117,2
"T7","Oligodendrocytes","0","pink",555,"DDX52",0.113,1
"T7","Oligodendrocytes","0","pink",555,"ENTPD4",0.11,1
"T7","Oligodendrocytes","0","pink",555,"GRK4",0.103,1
"T7","Oligodendrocytes","0","pink",555,"PANK2",0.092,1
"T7","Oligodendrocytes","0","pink",555,"THOC1",0.085,1
"T7","Oligodendrocytes","0","pink",555,"CRKL",0.08,0
"T7","Oligodendrocytes","0","magenta",963,"AC090502.1",0.939,100
"T7","Oligodendrocytes","0","magenta",963,"AUTS2",0.914,100
"T7","Oligodendrocytes","0","magenta",963,"PPP2R2B",0.913,100
"T7","Oligodendrocytes","0","magenta",963,"ENOSF1",0.912,100
"T7","Oligodendrocytes","0","magenta",963,"CREB5",0.911,100
"T7","Oligodendrocytes","0","magenta",963,"NAALADL2",0.902,100
"T7","Oligodendrocytes","0","magenta",963,"PLEKHH1",0.9,100
"T7","Oligodendrocytes","0","magenta",963,"CLASP2",0.89,100
"T7","Oligodendrocytes","0","magenta",963,"GALNT13",0.889,100
"T7","Oligodendrocytes","0","magenta",963,"SERINC5",0.885,99
"T7","Oligodendrocytes","0","magenta",963,"PTK2",0.885,100
"T7","Oligodendrocytes","0","magenta",963,"TRIM9",0.882,99
"T7","Oligodendrocytes","0","magenta",963,"KCNH8",0.881,99
"T7","Oligodendrocytes","0","magenta",963,"FNBP1",0.88,99
"T7","Oligodendrocytes","0","magenta",963,"LINC01170",0.879,99
"T7","Oligodendrocytes","0","magenta",963,"SIK3",0.876,99
"T7","Oligodendrocytes","0","magenta",963,"PPFIA2",0.875,99
"T7","Oligodendrocytes","0","magenta",963,"GRAMD2B",0.87,99
"T7","Oligodendrocytes","0","magenta",963,"ANK3",0.868,99
"T7","Oligodendrocytes","0","magenta",963,"COL4A5",0.866,99
"T7","Oligodendrocytes","0","magenta",963,"AZIN1-AS1",0.862,98
"T7","Oligodendrocytes","0","magenta",963,"ANK2",0.858,98
"T7","Oligodendrocytes","0","magenta",963,"FOLH1",0.856,98
"T7","Oligodendrocytes","0","magenta",963,"POC1B",0.856,98
"T7","Oligodendrocytes","0","magenta",963,"ITFG1",0.855,98
"T7","Oligodendrocytes","0","magenta",963,"FRMD5",0.842,98
"T7","Oligodendrocytes","0","magenta",963,"UNC79",0.842,98
"T7","Oligodendrocytes","0","magenta",963,"LINC01608",0.839,98
"T7","Oligodendrocytes","0","magenta",963,"STOX2",0.837,98
"T7","Oligodendrocytes","0","magenta",963,"EXOC6B",0.835,97
"T7","Oligodendrocytes","0","magenta",963,"NEK3",0.834,97
"T7","Oligodendrocytes","0","magenta",963,"POLR2F",0.834,97
"T7","Oligodendrocytes","0","magenta",963,"LINC01630",0.832,97
"T7","Oligodendrocytes","0","magenta",963,"PALM2",0.829,97
"T7","Oligodendrocytes","0","magenta",963,"PDE8A",0.829,97
"T7","Oligodendrocytes","0","magenta",963,"NKAIN2",0.827,97
"T7","Oligodendrocytes","0","magenta",963,"PTBP2",0.827,97
"T7","Oligodendrocytes","0","magenta",963,"SUMF1",0.823,97
"T7","Oligodendrocytes","0","magenta",963,"RFX3-AS1",0.822,97
"T7","Oligodendrocytes","0","magenta",963,"PAK1",0.819,96
"T7","Oligodendrocytes","0","magenta",963,"RAP1GDS1",0.819,96
"T7","Oligodendrocytes","0","magenta",963,"HECW2",0.818,96
"T7","Oligodendrocytes","0","magenta",963,"BABAM2",0.818,96
"T7","Oligodendrocytes","0","magenta",963,"HHIP",0.817,96
"T7","Oligodendrocytes","0","magenta",963,"ZDHHC9",0.817,96
"T7","Oligodendrocytes","0","magenta",963,"DLEU2",0.816,96
"T7","Oligodendrocytes","0","magenta",963,"LINC01877",0.815,96
"T7","Oligodendrocytes","0","magenta",963,"MIR181A1HG",0.815,96
"T7","Oligodendrocytes","0","magenta",963,"SH3D19",0.812,96
"T7","Oligodendrocytes","0","magenta",963,"DISC1",0.811,95
"T7","Oligodendrocytes","0","magenta",963,"UNC5C",0.809,95
"T7","Oligodendrocytes","0","magenta",963,"PPP2R3A",0.807,95
"T7","Oligodendrocytes","0","magenta",963,"AC105383.1",0.806,95
"T7","Oligodendrocytes","0","magenta",963,"TMEM123",0.805,95
"T7","Oligodendrocytes","0","magenta",963,"CERCAM",0.805,95
"T7","Oligodendrocytes","0","magenta",963,"PIGU",0.805,95
"T7","Oligodendrocytes","0","magenta",963,"AC097103.2",0.804,95
"T7","Oligodendrocytes","0","magenta",963,"PLS3",0.803,94
"T7","Oligodendrocytes","0","magenta",963,"LPAR1",0.803,95
"T7","Oligodendrocytes","0","magenta",963,"NRXN3",0.802,94
"T7","Oligodendrocytes","0","magenta",963,"MATN2",0.802,94
"T7","Oligodendrocytes","0","magenta",963,"ATG10",0.801,94
"T7","Oligodendrocytes","0","magenta",963,"ZEB2",0.8,94
"T7","Oligodendrocytes","0","magenta",963,"CPB1",0.799,94
"T7","Oligodendrocytes","0","magenta",963,"FAM126A",0.796,94
"T7","Oligodendrocytes","0","magenta",963,"ASTN2",0.796,94
"T7","Oligodendrocytes","0","magenta",963,"BORCS5",0.795,94
"T7","Oligodendrocytes","0","magenta",963,"OPALIN",0.792,94
"T7","Oligodendrocytes","0","magenta",963,"KIF13A",0.789,93
"T7","Oligodendrocytes","0","magenta",963,"DENND5A",0.785,93
"T7","Oligodendrocytes","0","magenta",963,"ZNF189",0.782,93
"T7","Oligodendrocytes","0","magenta",963,"AC006059.1",0.78,93
"T7","Oligodendrocytes","0","magenta",963,"TMEFF2",0.78,93
"T7","Oligodendrocytes","0","magenta",963,"ROR1",0.777,93
"T7","Oligodendrocytes","0","magenta",963,"PSEN1",0.776,93
"T7","Oligodendrocytes","0","magenta",963,"COBL",0.775,92
"T7","Oligodendrocytes","0","magenta",963,"MIPEP",0.775,93
"T7","Oligodendrocytes","0","magenta",963,"LDLRAD4",0.775,93
"T7","Oligodendrocytes","0","magenta",963,"CDC42BPA",0.774,92
"T7","Oligodendrocytes","0","magenta",963,"AP000282.1",0.772,92
"T7","Oligodendrocytes","0","magenta",963,"LINC00882",0.771,92
"T7","Oligodendrocytes","0","magenta",963,"APCDD1",0.771,92
"T7","Oligodendrocytes","0","magenta",963,"MTMR7",0.768,92
"T7","Oligodendrocytes","0","magenta",963,"KIAA1324L",0.766,92
"T7","Oligodendrocytes","0","magenta",963,"FKTN",0.766,92
"T7","Oligodendrocytes","0","magenta",963,"UVRAG",0.766,92
"T7","Oligodendrocytes","0","magenta",963,"FUT8",0.764,91
"T7","Oligodendrocytes","0","magenta",963,"GARNL3",0.764,91
"T7","Oligodendrocytes","0","magenta",963,"PLPPR1",0.764,92
"T7","Oligodendrocytes","0","magenta",963,"ZFYVE16",0.762,91
"T7","Oligodendrocytes","0","magenta",963,"LINC00461",0.762,91
"T7","Oligodendrocytes","0","magenta",963,"LRRC8B",0.762,91
"T7","Oligodendrocytes","0","magenta",963,"CTNNA3",0.76,91
"T7","Oligodendrocytes","0","magenta",963,"LRP6",0.76,91
"T7","Oligodendrocytes","0","magenta",963,"AL591895.1",0.76,91
"T7","Oligodendrocytes","0","magenta",963,"CIRBP",0.76,91
"T7","Oligodendrocytes","0","magenta",963,"DOCK10",0.756,90
"T7","Oligodendrocytes","0","magenta",963,"RUNX1T1",0.756,90
"T7","Oligodendrocytes","0","magenta",963,"SEC14L5",0.756,91
"T7","Oligodendrocytes","0","magenta",963,"LPGAT1",0.755,90
"T7","Oligodendrocytes","0","magenta",963,"TJP1",0.755,90
"T7","Oligodendrocytes","0","magenta",963,"ANKIB1",0.755,90
"T7","Oligodendrocytes","0","magenta",963,"TRIM59",0.755,90
"T7","Oligodendrocytes","0","magenta",963,"MTSS1",0.754,90
"T7","Oligodendrocytes","0","magenta",963,"GALNT10",0.751,89
"T7","Oligodendrocytes","0","magenta",963,"NECAB1",0.751,89
"T7","Oligodendrocytes","0","magenta",963,"ANKRD13A",0.751,90
"T7","Oligodendrocytes","0","magenta",963,"AC008537.1",0.751,90
"T7","Oligodendrocytes","0","magenta",963,"FGGY",0.75,89
"T7","Oligodendrocytes","0","magenta",963,"FBXO7",0.75,89
"T7","Oligodendrocytes","0","magenta",963,"AC078881.1",0.75,89
"T7","Oligodendrocytes","0","magenta",963,"AK5",0.75,89
"T7","Oligodendrocytes","0","magenta",963,"EVI5",0.749,89
"T7","Oligodendrocytes","0","magenta",963,"GSTO2",0.749,89
"T7","Oligodendrocytes","0","magenta",963,"ZNF536",0.748,89
"T7","Oligodendrocytes","0","magenta",963,"KCTD1",0.747,89
"T7","Oligodendrocytes","0","magenta",963,"CECR2",0.745,88
"T7","Oligodendrocytes","0","magenta",963,"LRRC4C",0.741,88
"T7","Oligodendrocytes","0","magenta",963,"TRIM2",0.74,88
"T7","Oligodendrocytes","0","magenta",963,"AC233296.1",0.738,88
"T7","Oligodendrocytes","0","magenta",963,"LINC01102",0.737,88
"T7","Oligodendrocytes","0","magenta",963,"FTCDNL1",0.737,88
"T7","Oligodendrocytes","0","magenta",963,"EXT1",0.737,88
"T7","Oligodendrocytes","0","magenta",963,"LIX1-AS1",0.737,88
"T7","Oligodendrocytes","0","magenta",963,"PADI2",0.735,88
"T7","Oligodendrocytes","0","magenta",963,"FAM66D",0.735,88
"T7","Oligodendrocytes","0","magenta",963,"TTL",0.732,87
"T7","Oligodendrocytes","0","magenta",963,"PRKCQ",0.73,87
"T7","Oligodendrocytes","0","magenta",963,"DUSP10",0.729,87
"T7","Oligodendrocytes","0","magenta",963,"SLC16A1",0.729,87
"T7","Oligodendrocytes","0","magenta",963,"FAM114A1",0.729,87
"T7","Oligodendrocytes","0","magenta",963,"ANO4",0.729,87
"T7","Oligodendrocytes","0","magenta",963,"FAM66C",0.729,87
"T7","Oligodendrocytes","0","magenta",963,"FAXDC2",0.728,87
"T7","Oligodendrocytes","0","magenta",963,"GMDS-DT",0.725,86
"T7","Oligodendrocytes","0","magenta",963,"TMEM144",0.725,87
"T7","Oligodendrocytes","0","magenta",963,"MIR181A2HG",0.724,86
"T7","Oligodendrocytes","0","magenta",963,"CLIC4",0.721,86
"T7","Oligodendrocytes","0","magenta",963,"KLF7",0.72,86
"T7","Oligodendrocytes","0","magenta",963,"MEF2A",0.72,86
"T7","Oligodendrocytes","0","magenta",963,"AC027644.4",0.72,86
"T7","Oligodendrocytes","0","magenta",963,"AP002495.2",0.719,86
"T7","Oligodendrocytes","0","magenta",963,"GSTCD",0.719,86
"T7","Oligodendrocytes","0","magenta",963,"DNM3",0.718,86
"T7","Oligodendrocytes","0","magenta",963,"TMEM232",0.718,86
"T7","Oligodendrocytes","0","magenta",963,"ESYT2",0.717,85
"T7","Oligodendrocytes","0","magenta",963,"TIAM1",0.716,85
"T7","Oligodendrocytes","0","magenta",963,"APBA1",0.715,85
"T7","Oligodendrocytes","0","magenta",963,"DLG1",0.714,85
"T7","Oligodendrocytes","0","magenta",963,"GPR137C",0.712,85
"T7","Oligodendrocytes","0","magenta",963,"PIGN",0.711,85
"T7","Oligodendrocytes","0","magenta",963,"SOGA1",0.711,85
"T7","Oligodendrocytes","0","magenta",963,"PLA2G4C",0.711,85
"T7","Oligodendrocytes","0","magenta",963,"DYNC2H1",0.71,85
"T7","Oligodendrocytes","0","magenta",963,"NR3C2",0.708,84
"T7","Oligodendrocytes","0","magenta",963,"PROX1",0.706,84
"T7","Oligodendrocytes","0","magenta",963,"PTPN12",0.705,84
"T7","Oligodendrocytes","0","magenta",963,"DPH6",0.704,84
"T7","Oligodendrocytes","0","magenta",963,"ZNF609",0.703,84
"T7","Oligodendrocytes","0","magenta",963,"KLHL4",0.702,84
"T7","Oligodendrocytes","0","magenta",963,"SIPA1L1",0.701,84
"T7","Oligodendrocytes","0","magenta",963,"JAM3",0.7,84
"T7","Oligodendrocytes","0","magenta",963,"AL078590.3",0.699,83
"T7","Oligodendrocytes","0","magenta",963,"TRPC4AP",0.699,84
"T7","Oligodendrocytes","0","magenta",963,"ASPA",0.699,84
"T7","Oligodendrocytes","0","magenta",963,"KAT6B",0.698,83
"T7","Oligodendrocytes","0","magenta",963,"PALM2-AKAP2",0.698,83
"T7","Oligodendrocytes","0","magenta",963,"DUSP16",0.695,83
"T7","Oligodendrocytes","0","magenta",963,"KLHL32",0.693,83
"T7","Oligodendrocytes","0","magenta",963,"TARBP1",0.692,83
"T7","Oligodendrocytes","0","magenta",963,"PPP1R16B",0.692,83
"T7","Oligodendrocytes","0","magenta",963,"DZIP3",0.692,83
"T7","Oligodendrocytes","0","magenta",963,"FAM196B",0.692,83
"T7","Oligodendrocytes","0","magenta",963,"RGL1",0.691,83
"T7","Oligodendrocytes","0","magenta",963,"CTNND2",0.688,82
"T7","Oligodendrocytes","0","magenta",963,"FOXN3",0.688,82
"T7","Oligodendrocytes","0","magenta",963,"GPD2",0.687,82
"T7","Oligodendrocytes","0","magenta",963,"EML5",0.687,82
"T7","Oligodendrocytes","0","magenta",963,"MAP4",0.686,82
"T7","Oligodendrocytes","0","magenta",963,"LANCL2",0.686,82
"T7","Oligodendrocytes","0","magenta",963,"HIPK2",0.685,82
"T7","Oligodendrocytes","0","magenta",963,"REPS1",0.684,82
"T7","Oligodendrocytes","0","magenta",963,"NLK",0.684,82
"T7","Oligodendrocytes","0","magenta",963,"ZNF518A",0.683,81
"T7","Oligodendrocytes","0","magenta",963,"UVSSA",0.683,81
"T7","Oligodendrocytes","0","magenta",963,"ORC3",0.682,81
"T7","Oligodendrocytes","0","magenta",963,"PER3",0.682,81
"T7","Oligodendrocytes","0","magenta",963,"ZNF827",0.68,81
"T7","Oligodendrocytes","0","magenta",963,"GLIDR",0.68,81
"T7","Oligodendrocytes","0","magenta",963,"CPEB1",0.68,81
"T7","Oligodendrocytes","0","magenta",963,"SRD5A3",0.678,81
"T7","Oligodendrocytes","0","magenta",963,"RTCA",0.678,81
"T7","Oligodendrocytes","0","magenta",963,"USP40",0.678,81
"T7","Oligodendrocytes","0","magenta",963,"EEPD1",0.675,80
"T7","Oligodendrocytes","0","magenta",963,"MARCH1",0.675,80
"T7","Oligodendrocytes","0","magenta",963,"LAMA2",0.675,80
"T7","Oligodendrocytes","0","magenta",963,"CNIH3",0.675,80
"T7","Oligodendrocytes","0","magenta",963,"GTDC1",0.674,80
"T7","Oligodendrocytes","0","magenta",963,"PLPP3",0.674,80
"T7","Oligodendrocytes","0","magenta",963,"SSH2",0.674,80
"T7","Oligodendrocytes","0","magenta",963,"DPF3",0.674,80
"T7","Oligodendrocytes","0","magenta",963,"LSAMP",0.673,80
"T7","Oligodendrocytes","0","magenta",963,"RUFY2",0.671,80
"T7","Oligodendrocytes","0","magenta",963,"GAREM1",0.67,79
"T7","Oligodendrocytes","0","magenta",963,"FAT4",0.67,79
"T7","Oligodendrocytes","0","magenta",963,"BTBD9",0.67,79
"T7","Oligodendrocytes","0","magenta",963,"SRP54",0.669,79
"T7","Oligodendrocytes","0","magenta",963,"RYR2",0.668,79
"T7","Oligodendrocytes","0","magenta",963,"CCDC88A",0.668,79
"T7","Oligodendrocytes","0","magenta",963,"CASTOR3",0.666,79
"T7","Oligodendrocytes","0","magenta",963,"SLC22A15",0.665,79
"T7","Oligodendrocytes","0","magenta",963,"ARHGAP1",0.665,79
"T7","Oligodendrocytes","0","magenta",963,"PARP6",0.664,78
"T7","Oligodendrocytes","0","magenta",963,"TFCP2",0.663,78
"T7","Oligodendrocytes","0","magenta",963,"GSTA4",0.663,78
"T7","Oligodendrocytes","0","magenta",963,"CEP44",0.663,78
"T7","Oligodendrocytes","0","magenta",963,"CCDC84",0.662,78
"T7","Oligodendrocytes","0","magenta",963,"MED14",0.66,78
"T7","Oligodendrocytes","0","magenta",963,"ZNF462",0.659,78
"T7","Oligodendrocytes","0","magenta",963,"ST7",0.659,78
"T7","Oligodendrocytes","0","magenta",963,"LINC01285",0.658,77
"T7","Oligodendrocytes","0","magenta",963,"GRIN2A",0.658,77
"T7","Oligodendrocytes","0","magenta",963,"SLC16A1-AS1",0.658,78
"T7","Oligodendrocytes","0","magenta",963,"UBE2E1",0.658,78
"T7","Oligodendrocytes","0","magenta",963,"AC104123.1",0.656,77
"T7","Oligodendrocytes","0","magenta",963,"MCAM",0.656,77
"T7","Oligodendrocytes","0","magenta",963,"CCDC191",0.656,77
"T7","Oligodendrocytes","0","magenta",963,"PAN3",0.655,77
"T7","Oligodendrocytes","0","magenta",963,"IMMP1L",0.652,77
"T7","Oligodendrocytes","0","magenta",963,"DAAM2",0.651,77
"T7","Oligodendrocytes","0","magenta",963,"PLEKHG3",0.65,76
"T7","Oligodendrocytes","0","magenta",963,"LINC01184",0.65,77
"T7","Oligodendrocytes","0","magenta",963,"S100PBP",0.649,76
"T7","Oligodendrocytes","0","magenta",963,"MYO15B",0.648,76
"T7","Oligodendrocytes","0","magenta",963,"ZBTB20",0.647,76
"T7","Oligodendrocytes","0","magenta",963,"ATP9A",0.645,76
"T7","Oligodendrocytes","0","magenta",963,"LINC01122",0.645,76
"T7","Oligodendrocytes","0","magenta",963,"CD200",0.645,76
"T7","Oligodendrocytes","0","magenta",963,"SRGAP1",0.645,76
"T7","Oligodendrocytes","0","magenta",963,"UNK",0.643,76
"T7","Oligodendrocytes","0","magenta",963,"ASXL3",0.641,76
"T7","Oligodendrocytes","0","magenta",963,"TMEM178B",0.64,75
"T7","Oligodendrocytes","0","magenta",963,"MIR99AHG",0.64,75
"T7","Oligodendrocytes","0","magenta",963,"SUCLG2",0.638,75
"T7","Oligodendrocytes","0","magenta",963,"WDR11-AS1",0.638,75
"T7","Oligodendrocytes","0","magenta",963,"GAB2",0.638,75
"T7","Oligodendrocytes","0","magenta",963,"AMY2B",0.635,75
"T7","Oligodendrocytes","0","magenta",963,"CATSPERE",0.635,75
"T7","Oligodendrocytes","0","magenta",963,"HLCS",0.633,75
"T7","Oligodendrocytes","0","magenta",963,"CDKL5",0.632,75
"T7","Oligodendrocytes","0","magenta",963,"STXBP6",0.631,74
"T7","Oligodendrocytes","0","magenta",963,"RNLS",0.631,74
"T7","Oligodendrocytes","0","magenta",963,"VPS37B",0.631,74
"T7","Oligodendrocytes","0","magenta",963,"SLC6A1",0.631,75
"T7","Oligodendrocytes","0","magenta",963,"LPCAT2",0.63,74
"T7","Oligodendrocytes","0","magenta",963,"KLHDC1",0.63,74
"T7","Oligodendrocytes","0","magenta",963,"DOCK4",0.629,74
"T7","Oligodendrocytes","0","magenta",963,"SCGB2B2",0.629,74
"T7","Oligodendrocytes","0","magenta",963,"ZMAT1",0.629,74
"T7","Oligodendrocytes","0","magenta",963,"SMURF1",0.628,74
"T7","Oligodendrocytes","0","magenta",963,"MNAT1",0.627,73
"T7","Oligodendrocytes","0","magenta",963,"ENOX2",0.626,73
"T7","Oligodendrocytes","0","magenta",963,"POGZ",0.626,73
"T7","Oligodendrocytes","0","magenta",963,"CCDC14",0.625,73
"T7","Oligodendrocytes","0","magenta",963,"MAML2",0.625,73
"T7","Oligodendrocytes","0","magenta",963,"AAGAB",0.624,73
"T7","Oligodendrocytes","0","magenta",963,"FRMD4B",0.624,73
"T7","Oligodendrocytes","0","magenta",963,"APC",0.624,73
"T7","Oligodendrocytes","0","magenta",963,"UBE2H",0.624,73
"T7","Oligodendrocytes","0","magenta",963,"AC007364.1",0.622,72
"T7","Oligodendrocytes","0","magenta",963,"EPS15",0.622,73
"T7","Oligodendrocytes","0","magenta",963,"ELOVL7",0.621,72
"T7","Oligodendrocytes","0","magenta",963,"CDH11",0.62,72
"T7","Oligodendrocytes","0","magenta",963,"HS3ST5",0.62,72
"T7","Oligodendrocytes","0","magenta",963,"PTPRD",0.62,72
"T7","Oligodendrocytes","0","magenta",963,"IQGAP1",0.619,72
"T7","Oligodendrocytes","0","magenta",963,"LINC00877",0.619,72
"T7","Oligodendrocytes","0","magenta",963,"BEST1",0.619,72
"T7","Oligodendrocytes","0","magenta",963,"N4BP2L1",0.617,72
"T7","Oligodendrocytes","0","magenta",963,"TM7SF3",0.616,71
"T7","Oligodendrocytes","0","magenta",963,"BCLAF3",0.616,71
"T7","Oligodendrocytes","0","magenta",963,"AC034195.1",0.615,71
"T7","Oligodendrocytes","0","magenta",963,"ADNP2",0.615,71
"T7","Oligodendrocytes","0","magenta",963,"TTC7B",0.614,71
"T7","Oligodendrocytes","0","magenta",963,"SLC9A8",0.613,71
"T7","Oligodendrocytes","0","magenta",963,"UBE2E2",0.612,71
"T7","Oligodendrocytes","0","magenta",963,"WDR44",0.612,71
"T7","Oligodendrocytes","0","magenta",963,"DBF4B",0.611,71
"T7","Oligodendrocytes","0","magenta",963,"MFSD14C",0.611,71
"T7","Oligodendrocytes","0","magenta",963,"LINC01006",0.61,70
"T7","Oligodendrocytes","0","magenta",963,"RSPRY1",0.61,70
"T7","Oligodendrocytes","0","magenta",963,"AC009690.1",0.609,70
"T7","Oligodendrocytes","0","magenta",963,"RSRC1",0.609,70
"T7","Oligodendrocytes","0","magenta",963,"PRMT7",0.609,70
"T7","Oligodendrocytes","0","magenta",963,"LRRFIP2",0.609,70
"T7","Oligodendrocytes","0","magenta",963,"TBC1D32",0.609,70
"T7","Oligodendrocytes","0","magenta",963,"RALGAPA1",0.608,70
"T7","Oligodendrocytes","0","magenta",963,"HGSNAT",0.605,70
"T7","Oligodendrocytes","0","magenta",963,"FOCAD",0.605,70
"T7","Oligodendrocytes","0","magenta",963,"TYW1",0.603,69
"T7","Oligodendrocytes","0","magenta",963,"LRRC49",0.602,69
"T7","Oligodendrocytes","0","magenta",963,"TBC1D13",0.601,69
"T7","Oligodendrocytes","0","magenta",963,"ADAMTS14",0.601,69
"T7","Oligodendrocytes","0","magenta",963,"CES4A",0.6,69
"T7","Oligodendrocytes","0","magenta",963,"VWA8",0.6,69
"T7","Oligodendrocytes","0","magenta",963,"ACSS2",0.598,68
"T7","Oligodendrocytes","0","magenta",963,"AL645568.1",0.598,69
"T7","Oligodendrocytes","0","magenta",963,"PPM1H",0.598,69
"T7","Oligodendrocytes","0","magenta",963,"C20orf194",0.598,69
"T7","Oligodendrocytes","0","magenta",963,"SEMA4D",0.597,68
"T7","Oligodendrocytes","0","magenta",963,"RBPJ",0.596,68
"T7","Oligodendrocytes","0","magenta",963,"AMOTL2",0.596,68
"T7","Oligodendrocytes","0","magenta",963,"WWP2",0.595,68
"T7","Oligodendrocytes","0","magenta",963,"LRRC7",0.595,68
"T7","Oligodendrocytes","0","magenta",963,"ZHX3",0.595,68
"T7","Oligodendrocytes","0","magenta",963,"RAP1A",0.594,68
"T7","Oligodendrocytes","0","magenta",963,"AGO4",0.594,68
"T7","Oligodendrocytes","0","magenta",963,"ALG14",0.593,68
"T7","Oligodendrocytes","0","magenta",963,"ICA1L",0.592,67
"T7","Oligodendrocytes","0","magenta",963,"KIAA0825",0.591,67
"T7","Oligodendrocytes","0","magenta",963,"PIP5K1A",0.591,67
"T7","Oligodendrocytes","0","magenta",963,"TULP4",0.59,67
"T7","Oligodendrocytes","0","magenta",963,"ORC2",0.59,67
"T7","Oligodendrocytes","0","magenta",963,"PRKACB",0.588,67
"T7","Oligodendrocytes","0","magenta",963,"RGS3",0.588,67
"T7","Oligodendrocytes","0","magenta",963,"PRIMPOL",0.587,67
"T7","Oligodendrocytes","0","magenta",963,"ADGRB3",0.587,67
"T7","Oligodendrocytes","0","magenta",963,"NFIX",0.586,66
"T7","Oligodendrocytes","0","magenta",963,"BRSK1",0.586,66
"T7","Oligodendrocytes","0","magenta",963,"TAF1",0.586,66
"T7","Oligodendrocytes","0","magenta",963,"FNBP4",0.586,67
"T7","Oligodendrocytes","0","magenta",963,"PLBD2",0.585,66
"T7","Oligodendrocytes","0","magenta",963,"PDCD6IP",0.584,66
"T7","Oligodendrocytes","0","magenta",963,"SRBD1",0.584,66
"T7","Oligodendrocytes","0","magenta",963,"SCLT1",0.583,65
"T7","Oligodendrocytes","0","magenta",963,"SREBF1",0.583,66
"T7","Oligodendrocytes","0","magenta",963,"CALD1",0.583,66
"T7","Oligodendrocytes","0","magenta",963,"AATK",0.583,66
"T7","Oligodendrocytes","0","magenta",963,"GBE1",0.581,65
"T7","Oligodendrocytes","0","magenta",963,"GPATCH8",0.58,65
"T7","Oligodendrocytes","0","magenta",963,"ARHGEF9",0.58,65
"T7","Oligodendrocytes","0","magenta",963,"RPRD1B",0.579,65
"T7","Oligodendrocytes","0","magenta",963,"PIBF1",0.579,65
"T7","Oligodendrocytes","0","magenta",963,"FLNB",0.578,65
"T7","Oligodendrocytes","0","magenta",963,"PPCDC",0.578,65
"T7","Oligodendrocytes","0","magenta",963,"FA2H",0.577,65
"T7","Oligodendrocytes","0","magenta",963,"ADAM22",0.576,64
"T7","Oligodendrocytes","0","magenta",963,"NOTCH1",0.576,64
"T7","Oligodendrocytes","0","magenta",963,"NHLRC3",0.576,64
"T7","Oligodendrocytes","0","magenta",963,"IL1RAPL1",0.576,65
"T7","Oligodendrocytes","0","magenta",963,"PRPF3",0.575,64
"T7","Oligodendrocytes","0","magenta",963,"GCLC",0.575,64
"T7","Oligodendrocytes","0","magenta",963,"AC108062.1",0.573,64
"T7","Oligodendrocytes","0","magenta",963,"NALCN",0.573,64
"T7","Oligodendrocytes","0","magenta",963,"BCAS3",0.573,64
"T7","Oligodendrocytes","0","magenta",963,"LRRC28",0.571,64
"T7","Oligodendrocytes","0","magenta",963,"MAGI2",0.57,63
"T7","Oligodendrocytes","0","magenta",963,"JPX",0.57,63
"T7","Oligodendrocytes","0","magenta",963,"CPLANE1",0.57,63
"T7","Oligodendrocytes","0","magenta",963,"COMMD10",0.569,63
"T7","Oligodendrocytes","0","magenta",963,"MAP2K5",0.569,63
"T7","Oligodendrocytes","0","magenta",963,"EPB41L4A",0.569,63
"T7","Oligodendrocytes","0","magenta",963,"CATSPER2",0.568,63
"T7","Oligodendrocytes","0","magenta",963,"CDKAL1",0.568,63
"T7","Oligodendrocytes","0","magenta",963,"PAG1",0.568,63
"T7","Oligodendrocytes","0","magenta",963,"LRCH3",0.565,62
"T7","Oligodendrocytes","0","magenta",963,"PLEKHM1",0.565,62
"T7","Oligodendrocytes","0","magenta",963,"SRSF4",0.565,62
"T7","Oligodendrocytes","0","magenta",963,"TANK",0.565,62
"T7","Oligodendrocytes","0","magenta",963,"ZNF608",0.565,63
"T7","Oligodendrocytes","0","magenta",963,"RNF170",0.564,62
"T7","Oligodendrocytes","0","magenta",963,"INTS2",0.563,62
"T7","Oligodendrocytes","0","magenta",963,"CXADR",0.562,62
"T7","Oligodendrocytes","0","magenta",963,"SLC23A2",0.562,62
"T7","Oligodendrocytes","0","magenta",963,"TRPC1",0.562,62
"T7","Oligodendrocytes","0","magenta",963,"NVL",0.561,61
"T7","Oligodendrocytes","0","magenta",963,"FAM222A",0.561,61
"T7","Oligodendrocytes","0","magenta",963,"CMSS1",0.561,61
"T7","Oligodendrocytes","0","magenta",963,"NBAS",0.561,61
"T7","Oligodendrocytes","0","magenta",963,"MYO1D",0.561,62
"T7","Oligodendrocytes","0","magenta",963,"ERCC8",0.56,61
"T7","Oligodendrocytes","0","magenta",963,"KLHL42",0.56,61
"T7","Oligodendrocytes","0","magenta",963,"C14orf132",0.56,61
"T7","Oligodendrocytes","0","magenta",963,"RORA",0.56,61
"T7","Oligodendrocytes","0","magenta",963,"PAAF1",0.559,60
"T7","Oligodendrocytes","0","magenta",963,"UGGT2",0.559,61
"T7","Oligodendrocytes","0","magenta",963,"NAB1",0.558,60
"T7","Oligodendrocytes","0","magenta",963,"CTPS2",0.558,60
"T7","Oligodendrocytes","0","magenta",963,"ACSL4",0.556,60
"T7","Oligodendrocytes","0","magenta",963,"SLX4IP",0.556,60
"T7","Oligodendrocytes","0","magenta",963,"TP53BP2",0.556,60
"T7","Oligodendrocytes","0","magenta",963,"XIST",0.556,60
"T7","Oligodendrocytes","0","magenta",963,"CHRM5",0.554,59
"T7","Oligodendrocytes","0","magenta",963,"TASP1",0.554,60
"T7","Oligodendrocytes","0","magenta",963,"FAF1",0.554,60
"T7","Oligodendrocytes","0","magenta",963,"SEMA6D",0.554,60
"T7","Oligodendrocytes","0","magenta",963,"CDK5RAP2",0.553,59
"T7","Oligodendrocytes","0","magenta",963,"ARMC1",0.553,59
"T7","Oligodendrocytes","0","magenta",963,"AL391807.1",0.552,59
"T7","Oligodendrocytes","0","magenta",963,"EIF4E3",0.552,59
"T7","Oligodendrocytes","0","magenta",963,"PARN",0.552,59
"T7","Oligodendrocytes","0","magenta",963,"PRKAA1",0.551,59
"T7","Oligodendrocytes","0","magenta",963,"PRKRIP1",0.551,59
"T7","Oligodendrocytes","0","magenta",963,"IBTK",0.551,59
"T7","Oligodendrocytes","0","magenta",963,"COG7",0.551,59
"T7","Oligodendrocytes","0","magenta",963,"HDAC8",0.55,58
"T7","Oligodendrocytes","0","magenta",963,"LIN54",0.55,58
"T7","Oligodendrocytes","0","magenta",963,"RHOU",0.549,58
"T7","Oligodendrocytes","0","magenta",963,"LIMA1",0.549,58
"T7","Oligodendrocytes","0","magenta",963,"TET2",0.547,58
"T7","Oligodendrocytes","0","magenta",963,"C3orf58",0.545,58
"T7","Oligodendrocytes","0","magenta",963,"KLHL5",0.544,58
"T7","Oligodendrocytes","0","magenta",963,"ARHGEF3",0.544,58
"T7","Oligodendrocytes","0","magenta",963,"AC008629.1",0.543,58
"T7","Oligodendrocytes","0","magenta",963,"LPXN",0.541,57
"T7","Oligodendrocytes","0","magenta",963,"SCYL2",0.541,57
"T7","Oligodendrocytes","0","magenta",963,"ZNF44",0.541,57
"T7","Oligodendrocytes","0","magenta",963,"AC063944.1",0.541,57
"T7","Oligodendrocytes","0","magenta",963,"AL354809.1",0.54,57
"T7","Oligodendrocytes","0","magenta",963,"BTBD3",0.539,57
"T7","Oligodendrocytes","0","magenta",963,"DIP2A",0.539,57
"T7","Oligodendrocytes","0","magenta",963,"KDM2B",0.539,57
"T7","Oligodendrocytes","0","magenta",963,"NBPF11",0.539,57
"T7","Oligodendrocytes","0","magenta",963,"ACSL3",0.538,57
"T7","Oligodendrocytes","0","magenta",963,"POLR2A",0.537,56
"T7","Oligodendrocytes","0","magenta",963,"FUBP3",0.537,56
"T7","Oligodendrocytes","0","magenta",963,"WASHC3",0.537,56
"T7","Oligodendrocytes","0","magenta",963,"AC007566.1",0.537,56
"T7","Oligodendrocytes","0","magenta",963,"TBCK",0.537,56
"T7","Oligodendrocytes","0","magenta",963,"PHKB",0.536,56
"T7","Oligodendrocytes","0","magenta",963,"FANCL",0.535,56
"T7","Oligodendrocytes","0","magenta",963,"PIGL",0.534,55
"T7","Oligodendrocytes","0","magenta",963,"SKIL",0.534,55
"T7","Oligodendrocytes","0","magenta",963,"FAM102A",0.534,56
"T7","Oligodendrocytes","0","magenta",963,"TPD52L2",0.534,56
"T7","Oligodendrocytes","0","magenta",963,"POC5",0.532,55
"T7","Oligodendrocytes","0","magenta",963,"RAB6A",0.531,55
"T7","Oligodendrocytes","0","magenta",963,"STXBP4",0.531,55
"T7","Oligodendrocytes","0","magenta",963,"AASS",0.53,55
"T7","Oligodendrocytes","0","magenta",963,"USP30",0.53,55
"T7","Oligodendrocytes","0","magenta",963,"CA5B",0.529,55
"T7","Oligodendrocytes","0","magenta",963,"RNF34",0.528,55
"T7","Oligodendrocytes","0","magenta",963,"OLIG2",0.527,54
"T7","Oligodendrocytes","0","magenta",963,"NLGN1",0.527,54
"T7","Oligodendrocytes","0","magenta",963,"ACADSB",0.527,54
"T7","Oligodendrocytes","0","magenta",963,"METTL25",0.527,55
"T7","Oligodendrocytes","0","magenta",963,"WIPF1",0.526,54
"T7","Oligodendrocytes","0","magenta",963,"PACRGL",0.523,54
"T7","Oligodendrocytes","0","magenta",963,"ENTPD3-AS1",0.523,54
"T7","Oligodendrocytes","0","magenta",963,"LMBRD1",0.522,54
"T7","Oligodendrocytes","0","magenta",963,"DCAF16",0.521,54
"T7","Oligodendrocytes","0","magenta",963,"TRIQK",0.52,54
"T7","Oligodendrocytes","0","magenta",963,"MSH3",0.52,54
"T7","Oligodendrocytes","0","magenta",963,"AC027808.1",0.515,53
"T7","Oligodendrocytes","0","magenta",963,"AC004158.1",0.515,53
"T7","Oligodendrocytes","0","magenta",963,"AC009126.1",0.515,53
"T7","Oligodendrocytes","0","magenta",963,"LINC00894",0.515,53
"T7","Oligodendrocytes","0","magenta",963,"COL9A3",0.513,53
"T7","Oligodendrocytes","0","magenta",963,"PIGF",0.513,53
"T7","Oligodendrocytes","0","magenta",963,"ENAH",0.513,53
"T7","Oligodendrocytes","0","magenta",963,"SRGAP3",0.512,53
"T7","Oligodendrocytes","0","magenta",963,"GBF1",0.511,52
"T7","Oligodendrocytes","0","magenta",963,"RNF115",0.511,52
"T7","Oligodendrocytes","0","magenta",963,"DDHD1",0.511,52
"T7","Oligodendrocytes","0","magenta",963,"SLIT2",0.511,53
"T7","Oligodendrocytes","0","magenta",963,"CABIN1",0.51,52
"T7","Oligodendrocytes","0","magenta",963,"NECTIN1",0.509,52
"T7","Oligodendrocytes","0","magenta",963,"PCCB",0.506,52
"T7","Oligodendrocytes","0","magenta",963,"RERE",0.506,52
"T7","Oligodendrocytes","0","magenta",963,"WDR27",0.505,52
"T7","Oligodendrocytes","0","magenta",963,"ETFDH",0.505,52
"T7","Oligodendrocytes","0","magenta",963,"WDR17",0.504,51
"T7","Oligodendrocytes","0","magenta",963,"CEP85L",0.504,51
"T7","Oligodendrocytes","0","magenta",963,"MINDY3",0.504,51
"T7","Oligodendrocytes","0","magenta",963,"PHTF2",0.504,51
"T7","Oligodendrocytes","0","magenta",963,"ATP8A1",0.504,52
"T7","Oligodendrocytes","0","magenta",963,"SLC20A2",0.503,51
"T7","Oligodendrocytes","0","magenta",963,"CD46",0.503,51
"T7","Oligodendrocytes","0","magenta",963,"POU2F1",0.502,50
"T7","Oligodendrocytes","0","magenta",963,"LARP4B",0.502,50
"T7","Oligodendrocytes","0","magenta",963,"FBN1",0.502,50
"T7","Oligodendrocytes","0","magenta",963,"TMCC1",0.502,51
"T7","Oligodendrocytes","0","magenta",963,"PBRM1",0.502,51
"T7","Oligodendrocytes","0","magenta",963,"MPHOSPH9",0.502,51
"T7","Oligodendrocytes","0","magenta",963,"TECPR2",0.501,50
"T7","Oligodendrocytes","0","magenta",963,"HTT",0.499,50
"T7","Oligodendrocytes","0","magenta",963,"RBM25",0.499,50
"T7","Oligodendrocytes","0","magenta",963,"ZC3H12B",0.497,50
"T7","Oligodendrocytes","0","magenta",963,"CSGALNACT2",0.497,50
"T7","Oligodendrocytes","0","magenta",963,"ZC2HC1A",0.497,50
"T7","Oligodendrocytes","0","magenta",963,"DPY19L3",0.496,49
"T7","Oligodendrocytes","0","magenta",963,"TBC1D22A",0.496,49
"T7","Oligodendrocytes","0","magenta",963,"FAM241A",0.496,50
"T7","Oligodendrocytes","0","magenta",963,"TGFA",0.495,49
"T7","Oligodendrocytes","0","magenta",963,"UBAP1",0.494,49
"T7","Oligodendrocytes","0","magenta",963,"LIMCH1",0.494,49
"T7","Oligodendrocytes","0","magenta",963,"MAPK14",0.494,49
"T7","Oligodendrocytes","0","magenta",963,"AC092683.1",0.491,49
"T7","Oligodendrocytes","0","magenta",963,"ADK",0.491,49
"T7","Oligodendrocytes","0","magenta",963,"TMEM64",0.49,49
"T7","Oligodendrocytes","0","magenta",963,"KIF16B",0.489,48
"T7","Oligodendrocytes","0","magenta",963,"COLGALT2",0.489,48
"T7","Oligodendrocytes","0","magenta",963,"PRCC",0.489,49
"T7","Oligodendrocytes","0","magenta",963,"VSIG10",0.488,48
"T7","Oligodendrocytes","0","magenta",963,"GABPB2",0.487,48
"T7","Oligodendrocytes","0","magenta",963,"EYA3",0.487,48
"T7","Oligodendrocytes","0","magenta",963,"AFMID",0.487,48
"T7","Oligodendrocytes","0","magenta",963,"AL139383.1",0.487,48
"T7","Oligodendrocytes","0","magenta",963,"PHACTR4",0.487,48
"T7","Oligodendrocytes","0","magenta",963,"AC090517.4",0.486,47
"T7","Oligodendrocytes","0","magenta",963,"SAR1A",0.486,48
"T7","Oligodendrocytes","0","magenta",963,"CDS2",0.485,47
"T7","Oligodendrocytes","0","magenta",963,"C11orf65",0.485,47
"T7","Oligodendrocytes","0","magenta",963,"GTF2A1",0.484,47
"T7","Oligodendrocytes","0","magenta",963,"DTWD2",0.484,47
"T7","Oligodendrocytes","0","magenta",963,"CYREN",0.484,47
"T7","Oligodendrocytes","0","magenta",963,"PRPF40B",0.482,47
"T7","Oligodendrocytes","0","magenta",963,"PRTFDC1",0.482,47
"T7","Oligodendrocytes","0","magenta",963,"ZCCHC7",0.481,46
"T7","Oligodendrocytes","0","magenta",963,"FSD1L",0.481,47
"T7","Oligodendrocytes","0","magenta",963,"RNF125",0.481,47
"T7","Oligodendrocytes","0","magenta",963,"NUP210",0.48,46
"T7","Oligodendrocytes","0","magenta",963,"VPS13B",0.479,46
"T7","Oligodendrocytes","0","magenta",963,"MTR",0.478,46
"T7","Oligodendrocytes","0","magenta",963,"JAK2",0.478,46
"T7","Oligodendrocytes","0","magenta",963,"SCARB1",0.475,46
"T7","Oligodendrocytes","0","magenta",963,"PAFAH1B1",0.475,46
"T7","Oligodendrocytes","0","magenta",963,"NUP54",0.475,46
"T7","Oligodendrocytes","0","magenta",963,"COPG2",0.474,46
"T7","Oligodendrocytes","0","magenta",963,"NSMAF",0.474,46
"T7","Oligodendrocytes","0","magenta",963,"TAZ",0.473,45
"T7","Oligodendrocytes","0","magenta",963,"CD2AP",0.471,45
"T7","Oligodendrocytes","0","magenta",963,"KDM5C",0.471,45
"T7","Oligodendrocytes","0","magenta",963,"ZSCAN30",0.47,45
"T7","Oligodendrocytes","0","magenta",963,"SLC38A6",0.47,45
"T7","Oligodendrocytes","0","magenta",963,"LPCAT3",0.47,45
"T7","Oligodendrocytes","0","magenta",963,"FAM149B1",0.47,45
"T7","Oligodendrocytes","0","magenta",963,"TSGA10",0.469,45
"T7","Oligodendrocytes","0","magenta",963,"LRRC8C-DT",0.469,45
"T7","Oligodendrocytes","0","magenta",963,"LMF1",0.467,44
"T7","Oligodendrocytes","0","magenta",963,"TMEM209",0.467,44
"T7","Oligodendrocytes","0","magenta",963,"SENP7",0.467,44
"T7","Oligodendrocytes","0","magenta",963,"FBXW2",0.466,44
"T7","Oligodendrocytes","0","magenta",963,"STX18-AS1",0.465,44
"T7","Oligodendrocytes","0","magenta",963,"CAPZA1",0.465,44
"T7","Oligodendrocytes","0","magenta",963,"GPI",0.465,44
"T7","Oligodendrocytes","0","magenta",963,"DMXL2",0.465,44
"T7","Oligodendrocytes","0","magenta",963,"MOBP",0.464,43
"T7","Oligodendrocytes","0","magenta",963,"LINC01135",0.464,44
"T7","Oligodendrocytes","0","magenta",963,"FECH",0.464,44
"T7","Oligodendrocytes","0","magenta",963,"TFG",0.463,43
"T7","Oligodendrocytes","0","magenta",963,"DDHD2",0.463,43
"T7","Oligodendrocytes","0","magenta",963,"ZNF276",0.462,43
"T7","Oligodendrocytes","0","magenta",963,"UQCC1",0.462,43
"T7","Oligodendrocytes","0","magenta",963,"METTL16",0.462,43
"T7","Oligodendrocytes","0","magenta",963,"EPG5",0.461,43
"T7","Oligodendrocytes","0","magenta",963,"GOLT1B",0.461,43
"T7","Oligodendrocytes","0","magenta",963,"HNRNPD",0.461,43
"T7","Oligodendrocytes","0","magenta",963,"IFT74",0.46,42
"T7","Oligodendrocytes","0","magenta",963,"ETFA",0.46,42
"T7","Oligodendrocytes","0","magenta",963,"WBP2NL",0.46,42
"T7","Oligodendrocytes","0","magenta",963,"SPTBN1",0.46,42
"T7","Oligodendrocytes","0","magenta",963,"KLHDC10",0.459,42
"T7","Oligodendrocytes","0","magenta",963,"FBXO21",0.458,42
"T7","Oligodendrocytes","0","magenta",963,"FRK",0.457,42
"T7","Oligodendrocytes","0","magenta",963,"CTNNA2",0.457,42
"T7","Oligodendrocytes","0","magenta",963,"ACAP2",0.457,42
"T7","Oligodendrocytes","0","magenta",963,"VMP1",0.457,42
"T7","Oligodendrocytes","0","magenta",963,"PCSK7",0.456,41
"T7","Oligodendrocytes","0","magenta",963,"ELMO2",0.456,41
"T7","Oligodendrocytes","0","magenta",963,"KIAA0355",0.456,41
"T7","Oligodendrocytes","0","magenta",963,"GPR173",0.456,41
"T7","Oligodendrocytes","0","magenta",963,"METAP1D",0.456,41
"T7","Oligodendrocytes","0","magenta",963,"CARF",0.453,41
"T7","Oligodendrocytes","0","magenta",963,"RPE",0.452,41
"T7","Oligodendrocytes","0","magenta",963,"NMNAT3",0.451,40
"T7","Oligodendrocytes","0","magenta",963,"RBFOX2",0.451,41
"T7","Oligodendrocytes","0","magenta",963,"MAN1C1",0.451,41
"T7","Oligodendrocytes","0","magenta",963,"MTCH2",0.451,41
"T7","Oligodendrocytes","0","magenta",963,"WDFY2",0.45,40
"T7","Oligodendrocytes","0","magenta",963,"TNRC18",0.45,40
"T7","Oligodendrocytes","0","magenta",963,"PPM1L",0.45,40
"T7","Oligodendrocytes","0","magenta",963,"DOPEY1",0.45,40
"T7","Oligodendrocytes","0","magenta",963,"GPBP1",0.45,40
"T7","Oligodendrocytes","0","magenta",963,"GNAQ",0.447,40
"T7","Oligodendrocytes","0","magenta",963,"TSPAN15",0.447,40
"T7","Oligodendrocytes","0","magenta",963,"LINC00639",0.446,39
"T7","Oligodendrocytes","0","magenta",963,"ADAM9",0.446,39
"T7","Oligodendrocytes","0","magenta",963,"TTLL4",0.446,39
"T7","Oligodendrocytes","0","magenta",963,"TBC1D14",0.446,39
"T7","Oligodendrocytes","0","magenta",963,"SYNE1",0.446,39
"T7","Oligodendrocytes","0","magenta",963,"HEPACAM",0.446,39
"T7","Oligodendrocytes","0","magenta",963,"PIK3C2B",0.446,40
"T7","Oligodendrocytes","0","magenta",963,"YME1L1",0.445,39
"T7","Oligodendrocytes","0","magenta",963,"ZNHIT6",0.445,39
"T7","Oligodendrocytes","0","magenta",963,"QRICH1",0.445,39
"T7","Oligodendrocytes","0","magenta",963,"TTLL9",0.444,39
"T7","Oligodendrocytes","0","magenta",963,"MSH2",0.443,38
"T7","Oligodendrocytes","0","magenta",963,"SCARB2",0.443,38
"T7","Oligodendrocytes","0","magenta",963,"LINC02473",0.443,38
"T7","Oligodendrocytes","0","magenta",963,"RBSN",0.442,38
"T7","Oligodendrocytes","0","magenta",963,"RGS7",0.442,38
"T7","Oligodendrocytes","0","magenta",963,"L3MBTL1",0.442,38
"T7","Oligodendrocytes","0","magenta",963,"AC025283.3",0.442,38
"T7","Oligodendrocytes","0","magenta",963,"DMXL1",0.442,38
"T7","Oligodendrocytes","0","magenta",963,"SCD5",0.442,38
"T7","Oligodendrocytes","0","magenta",963,"PIK3CB",0.441,37
"T7","Oligodendrocytes","0","magenta",963,"VEZT",0.441,38
"T7","Oligodendrocytes","0","magenta",963,"EXOC1",0.44,37
"T7","Oligodendrocytes","0","magenta",963,"SH3YL1",0.44,37
"T7","Oligodendrocytes","0","magenta",963,"MCCC2",0.44,37
"T7","Oligodendrocytes","0","magenta",963,"GRM3",0.44,37
"T7","Oligodendrocytes","0","magenta",963,"PRR5L",0.44,37
"T7","Oligodendrocytes","0","magenta",963,"ATPAF1",0.439,36
"T7","Oligodendrocytes","0","magenta",963,"PIGG",0.439,37
"T7","Oligodendrocytes","0","magenta",963,"ABHD6",0.439,37
"T7","Oligodendrocytes","0","magenta",963,"H2AFY",0.439,37
"T7","Oligodendrocytes","0","magenta",963,"STK3",0.438,36
"T7","Oligodendrocytes","0","magenta",963,"AP000721.2",0.438,36
"T7","Oligodendrocytes","0","magenta",963,"PLEKHA5",0.438,36
"T7","Oligodendrocytes","0","magenta",963,"GREM1",0.437,36
"T7","Oligodendrocytes","0","magenta",963,"TRIM26",0.436,36
"T7","Oligodendrocytes","0","magenta",963,"AC009093.2",0.436,36
"T7","Oligodendrocytes","0","magenta",963,"ST3GAL5",0.436,36
"T7","Oligodendrocytes","0","magenta",963,"PHF2",0.435,36
"T7","Oligodendrocytes","0","magenta",963,"SLC25A37",0.434,36
"T7","Oligodendrocytes","0","magenta",963,"PSPC1",0.432,35
"T7","Oligodendrocytes","0","magenta",963,"TDRD3",0.432,35
"T7","Oligodendrocytes","0","magenta",963,"SREBF2",0.431,35
"T7","Oligodendrocytes","0","magenta",963,"MAST4",0.431,35
"T7","Oligodendrocytes","0","magenta",963,"PPP1R12A",0.429,35
"T7","Oligodendrocytes","0","magenta",963,"DGKD",0.429,35
"T7","Oligodendrocytes","0","magenta",963,"TSHZ1",0.428,35
"T7","Oligodendrocytes","0","magenta",963,"YWHAZ",0.426,35
"T7","Oligodendrocytes","0","magenta",963,"CUL5",0.426,35
"T7","Oligodendrocytes","0","magenta",963,"SPIDR",0.425,34
"T7","Oligodendrocytes","0","magenta",963,"SLC44A2",0.425,34
"T7","Oligodendrocytes","0","magenta",963,"TERF1",0.425,34
"T7","Oligodendrocytes","0","magenta",963,"VPS39",0.424,34
"T7","Oligodendrocytes","0","magenta",963,"TTLL7",0.424,34
"T7","Oligodendrocytes","0","magenta",963,"KLHL7",0.422,34
"T7","Oligodendrocytes","0","magenta",963,"AFG3L2",0.422,34
"T7","Oligodendrocytes","0","magenta",963,"NSUN2",0.421,34
"T7","Oligodendrocytes","0","magenta",963,"AL662796.1",0.42,34
"T7","Oligodendrocytes","0","magenta",963,"PYROXD1",0.419,33
"T7","Oligodendrocytes","0","magenta",963,"VKORC1L1",0.419,33
"T7","Oligodendrocytes","0","magenta",963,"ADPGK",0.419,33
"T7","Oligodendrocytes","0","magenta",963,"MAPKAPK5",0.419,34
"T7","Oligodendrocytes","0","magenta",963,"PGM3",0.418,33
"T7","Oligodendrocytes","0","magenta",963,"CTNND1",0.417,33
"T7","Oligodendrocytes","0","magenta",963,"EVI5L",0.416,33
"T7","Oligodendrocytes","0","magenta",963,"TMCC3",0.416,33
"T7","Oligodendrocytes","0","magenta",963,"SYAP1",0.416,33
"T7","Oligodendrocytes","0","magenta",963,"ZNF512",0.416,33
"T7","Oligodendrocytes","0","magenta",963,"SLC38A9",0.414,32
"T7","Oligodendrocytes","0","magenta",963,"C9orf3",0.414,32
"T7","Oligodendrocytes","0","magenta",963,"MTMR1",0.414,33
"T7","Oligodendrocytes","0","magenta",963,"AC110285.1",0.41,32
"T7","Oligodendrocytes","0","magenta",963,"CEP164",0.41,32
"T7","Oligodendrocytes","0","magenta",963,"AC114485.1",0.41,32
"T7","Oligodendrocytes","0","magenta",963,"MTF2",0.409,32
"T7","Oligodendrocytes","0","magenta",963,"TTC7A",0.408,32
"T7","Oligodendrocytes","0","magenta",963,"PITRM1",0.406,32
"T7","Oligodendrocytes","0","magenta",963,"FUS",0.406,32
"T7","Oligodendrocytes","0","magenta",963,"DYNC2LI1",0.405,31
"T7","Oligodendrocytes","0","magenta",963,"MAL",0.404,31
"T7","Oligodendrocytes","0","magenta",963,"VRK2",0.404,31
"T7","Oligodendrocytes","0","magenta",963,"SZT2",0.404,31
"T7","Oligodendrocytes","0","magenta",963,"ZNF236",0.403,31
"T7","Oligodendrocytes","0","magenta",963,"PDE4B",0.402,31
"T7","Oligodendrocytes","0","magenta",963,"ANGEL1",0.402,31
"T7","Oligodendrocytes","0","magenta",963,"MYH9",0.401,31
"T7","Oligodendrocytes","0","magenta",963,"KIAA1841",0.401,31
"T7","Oligodendrocytes","0","magenta",963,"SLC35D2",0.4,31
"T7","Oligodendrocytes","0","magenta",963,"MEGF10",0.399,30
"T7","Oligodendrocytes","0","magenta",963,"ZNF208",0.398,30
"T7","Oligodendrocytes","0","magenta",963,"CPEB1-AS1",0.396,30
"T7","Oligodendrocytes","0","magenta",963,"EFR3A",0.396,30
"T7","Oligodendrocytes","0","magenta",963,"DAZAP1",0.396,30
"T7","Oligodendrocytes","0","magenta",963,"SERAC1",0.396,30
"T7","Oligodendrocytes","0","magenta",963,"DRAM2",0.395,30
"T7","Oligodendrocytes","0","magenta",963,"NTNG2",0.393,30
"T7","Oligodendrocytes","0","magenta",963,"CSAD",0.393,30
"T7","Oligodendrocytes","0","magenta",963,"SLF2",0.392,30
"T7","Oligodendrocytes","0","magenta",963,"TFB1M",0.391,29
"T7","Oligodendrocytes","0","magenta",963,"CNST",0.389,29
"T7","Oligodendrocytes","0","magenta",963,"CLIP1",0.388,29
"T7","Oligodendrocytes","0","magenta",963,"TET1",0.388,29
"T7","Oligodendrocytes","0","magenta",963,"TTC27",0.387,29
"T7","Oligodendrocytes","0","magenta",963,"RCBTB1",0.386,29
"T7","Oligodendrocytes","0","magenta",963,"HSPA12A",0.386,29
"T7","Oligodendrocytes","0","magenta",963,"SIRT5",0.386,29
"T7","Oligodendrocytes","0","magenta",963,"DIRC2",0.385,28
"T7","Oligodendrocytes","0","magenta",963,"NUP214",0.385,28
"T7","Oligodendrocytes","0","magenta",963,"RAD54L2",0.385,29
"T7","Oligodendrocytes","0","magenta",963,"MARCKS",0.383,28
"T7","Oligodendrocytes","0","magenta",963,"INSIG1",0.383,28
"T7","Oligodendrocytes","0","magenta",963,"PCM1",0.382,28
"T7","Oligodendrocytes","0","magenta",963,"PPIP5K2",0.381,28
"T7","Oligodendrocytes","0","magenta",963,"EML4",0.381,28
"T7","Oligodendrocytes","0","magenta",963,"ENDOD1",0.38,28
"T7","Oligodendrocytes","0","magenta",963,"FBXW4",0.378,28
"T7","Oligodendrocytes","0","magenta",963,"ENPP2",0.376,28
"T7","Oligodendrocytes","0","magenta",963,"STPG2",0.375,27
"T7","Oligodendrocytes","0","magenta",963,"ULK2",0.374,27
"T7","Oligodendrocytes","0","magenta",963,"BIRC6",0.374,27
"T7","Oligodendrocytes","0","magenta",963,"RABGAP1",0.374,27
"T7","Oligodendrocytes","0","magenta",963,"HOOK3",0.373,27
"T7","Oligodendrocytes","0","magenta",963,"ARMC10",0.373,27
"T7","Oligodendrocytes","0","magenta",963,"INTS13",0.372,27
"T7","Oligodendrocytes","0","magenta",963,"CEP192",0.371,26
"T7","Oligodendrocytes","0","magenta",963,"CMC2",0.371,27
"T7","Oligodendrocytes","0","magenta",963,"TMEM41B",0.371,27
"T7","Oligodendrocytes","0","magenta",963,"ZNF25",0.37,26
"T7","Oligodendrocytes","0","magenta",963,"LCMT1",0.37,26
"T7","Oligodendrocytes","0","magenta",963,"SLC25A46",0.367,26
"T7","Oligodendrocytes","0","magenta",963,"ANKFY1",0.367,26
"T7","Oligodendrocytes","0","magenta",963,"MED15",0.366,26
"T7","Oligodendrocytes","0","magenta",963,"TRAK1",0.366,26
"T7","Oligodendrocytes","0","magenta",963,"D2HGDH",0.366,26
"T7","Oligodendrocytes","0","magenta",963,"TTLL5",0.366,26
"T7","Oligodendrocytes","0","magenta",963,"NIPSNAP2",0.366,26
"T7","Oligodendrocytes","0","magenta",963,"MAU2",0.365,25
"T7","Oligodendrocytes","0","magenta",963,"CBX4",0.364,25
"T7","Oligodendrocytes","0","magenta",963,"ASRGL1",0.364,25
"T7","Oligodendrocytes","0","magenta",963,"USO1",0.364,25
"T7","Oligodendrocytes","0","magenta",963,"TAF2",0.362,25
"T7","Oligodendrocytes","0","magenta",963,"NNT-AS1",0.361,25
"T7","Oligodendrocytes","0","magenta",963,"DNAJC16",0.36,25
"T7","Oligodendrocytes","0","magenta",963,"PSMD5",0.359,25
"T7","Oligodendrocytes","0","magenta",963,"PCDH10",0.359,25
"T7","Oligodendrocytes","0","magenta",963,"SCAI",0.357,24
"T7","Oligodendrocytes","0","magenta",963,"SARM1",0.357,25
"T7","Oligodendrocytes","0","magenta",963,"R3HDM1",0.356,24
"T7","Oligodendrocytes","0","magenta",963,"RFFL",0.356,24
"T7","Oligodendrocytes","0","magenta",963,"G2E3",0.353,24
"T7","Oligodendrocytes","0","magenta",963,"ATP11B",0.353,24
"T7","Oligodendrocytes","0","magenta",963,"CTTNBP2NL",0.351,24
"T7","Oligodendrocytes","0","magenta",963,"CWF19L1",0.35,24
"T7","Oligodendrocytes","0","magenta",963,"GGNBP2",0.35,24
"T7","Oligodendrocytes","0","magenta",963,"GPR107",0.35,24
"T7","Oligodendrocytes","0","magenta",963,"NDFIP2",0.349,23
"T7","Oligodendrocytes","0","magenta",963,"SFPQ",0.348,23
"T7","Oligodendrocytes","0","magenta",963,"ZNF333",0.348,23
"T7","Oligodendrocytes","0","magenta",963,"SLC39A10",0.348,23
"T7","Oligodendrocytes","0","magenta",963,"ZNF133",0.346,23
"T7","Oligodendrocytes","0","magenta",963,"FRS2",0.346,23
"T7","Oligodendrocytes","0","magenta",963,"PGGT1B",0.346,23
"T7","Oligodendrocytes","0","magenta",963,"INTS9",0.346,23
"T7","Oligodendrocytes","0","magenta",963,"RNF11",0.344,23
"T7","Oligodendrocytes","0","magenta",963,"UQCRC2",0.344,23
"T7","Oligodendrocytes","0","magenta",963,"TRMT61B",0.343,22
"T7","Oligodendrocytes","0","magenta",963,"ANAPC5",0.342,22
"T7","Oligodendrocytes","0","magenta",963,"STIM2",0.341,22
"T7","Oligodendrocytes","0","magenta",963,"NAPEPLD",0.341,22
"T7","Oligodendrocytes","0","magenta",963,"THAP6",0.341,22
"T7","Oligodendrocytes","0","magenta",963,"KCTD2",0.34,22
"T7","Oligodendrocytes","0","magenta",963,"PARG",0.339,22
"T7","Oligodendrocytes","0","magenta",963,"SSPN",0.339,22
"T7","Oligodendrocytes","0","magenta",963,"AKAP7",0.338,21
"T7","Oligodendrocytes","0","magenta",963,"TMEM161B",0.338,22
"T7","Oligodendrocytes","0","magenta",963,"UBE2Z",0.337,21
"T7","Oligodendrocytes","0","magenta",963,"AP003108.2",0.334,21
"T7","Oligodendrocytes","0","magenta",963,"ANGEL2",0.333,21
"T7","Oligodendrocytes","0","magenta",963,"NAF1",0.333,21
"T7","Oligodendrocytes","0","magenta",963,"ACTR3B",0.332,21
"T7","Oligodendrocytes","0","magenta",963,"PPWD1",0.331,21
"T7","Oligodendrocytes","0","magenta",963,"OXCT1",0.33,21
"T7","Oligodendrocytes","0","magenta",963,"H6PD",0.328,20
"T7","Oligodendrocytes","0","magenta",963,"ABHD2",0.328,21
"T7","Oligodendrocytes","0","magenta",963,"ZFYVE26",0.328,21
"T7","Oligodendrocytes","0","magenta",963,"PPIL2",0.327,20
"T7","Oligodendrocytes","0","magenta",963,"MLH3",0.325,20
"T7","Oligodendrocytes","0","magenta",963,"PIK3C2A",0.325,20
"T7","Oligodendrocytes","0","magenta",963,"SECISBP2",0.324,20
"T7","Oligodendrocytes","0","magenta",963,"UBE2G1",0.323,20
"T7","Oligodendrocytes","0","magenta",963,"MCM3AP",0.322,20
"T7","Oligodendrocytes","0","magenta",963,"GTF2H1",0.322,20
"T7","Oligodendrocytes","0","magenta",963,"HMG20A",0.32,20
"T7","Oligodendrocytes","0","magenta",963,"CAT",0.319,20
"T7","Oligodendrocytes","0","magenta",963,"FIG4",0.318,19
"T7","Oligodendrocytes","0","magenta",963,"ANKRD10",0.317,19
"T7","Oligodendrocytes","0","magenta",963,"FUT9",0.317,19
"T7","Oligodendrocytes","0","magenta",963,"ARL13B",0.317,19
"T7","Oligodendrocytes","0","magenta",963,"HNRNPL",0.317,19
"T7","Oligodendrocytes","0","magenta",963,"MSANTD2",0.316,19
"T7","Oligodendrocytes","0","magenta",963,"CCNC",0.315,19
"T7","Oligodendrocytes","0","magenta",963,"NSRP1",0.315,19
"T7","Oligodendrocytes","0","magenta",963,"GTPBP1",0.314,18
"T7","Oligodendrocytes","0","magenta",963,"USP4",0.314,18
"T7","Oligodendrocytes","0","magenta",963,"RAD17",0.314,19
"T7","Oligodendrocytes","0","magenta",963,"FAM98B",0.313,18
"T7","Oligodendrocytes","0","magenta",963,"APLF",0.313,18
"T7","Oligodendrocytes","0","magenta",963,"AREL1",0.313,18
"T7","Oligodendrocytes","0","magenta",963,"MKRN3",0.313,18
"T7","Oligodendrocytes","0","magenta",963,"MUT",0.311,18
"T7","Oligodendrocytes","0","magenta",963,"AC007038.1",0.31,18
"T7","Oligodendrocytes","0","magenta",963,"MFN1",0.309,18
"T7","Oligodendrocytes","0","magenta",963,"UBAP1L",0.308,18
"T7","Oligodendrocytes","0","magenta",963,"GRK3",0.306,17
"T7","Oligodendrocytes","0","magenta",963,"TMEM206",0.306,17
"T7","Oligodendrocytes","0","magenta",963,"TRAPPC13",0.304,17
"T7","Oligodendrocytes","0","magenta",963,"SEC61A2",0.304,17
"T7","Oligodendrocytes","0","magenta",963,"PI4KB",0.303,17
"T7","Oligodendrocytes","0","magenta",963,"EXOC4",0.302,17
"T7","Oligodendrocytes","0","magenta",963,"IFT52",0.301,17
"T7","Oligodendrocytes","0","magenta",963,"SMARCAL1",0.301,17
"T7","Oligodendrocytes","0","magenta",963,"GLMN",0.301,17
"T7","Oligodendrocytes","0","magenta",963,"YARS2",0.301,17
"T7","Oligodendrocytes","0","magenta",963,"RRN3",0.298,16
"T7","Oligodendrocytes","0","magenta",963,"NFU1",0.298,16
"T7","Oligodendrocytes","0","magenta",963,"OPA1",0.297,16
"T7","Oligodendrocytes","0","magenta",963,"UBAC2",0.297,16
"T7","Oligodendrocytes","0","magenta",963,"SENP5",0.296,16
"T7","Oligodendrocytes","0","magenta",963,"AC004690.2",0.296,16
"T7","Oligodendrocytes","0","magenta",963,"TSG101",0.296,16
"T7","Oligodendrocytes","0","magenta",963,"IVD",0.295,16
"T7","Oligodendrocytes","0","magenta",963,"SEPT7",0.294,15
"T7","Oligodendrocytes","0","magenta",963,"TMEM33",0.294,16
"T7","Oligodendrocytes","0","magenta",963,"R3HCC1L",0.293,15
"T7","Oligodendrocytes","0","magenta",963,"TCERG1",0.291,15
"T7","Oligodendrocytes","0","magenta",963,"SELENOF",0.29,15
"T7","Oligodendrocytes","0","magenta",963,"RNASEH2B",0.289,15
"T7","Oligodendrocytes","0","magenta",963,"FBXO25",0.288,15
"T7","Oligodendrocytes","0","magenta",963,"BRCC3",0.284,15
"T7","Oligodendrocytes","0","magenta",963,"MBTPS2",0.284,15
"T7","Oligodendrocytes","0","magenta",963,"ZNF471",0.282,15
"T7","Oligodendrocytes","0","magenta",963,"UNC13B",0.282,15
"T7","Oligodendrocytes","0","magenta",963,"MYO9B",0.281,14
"T7","Oligodendrocytes","0","magenta",963,"KHDRBS1",0.279,14
"T7","Oligodendrocytes","0","magenta",963,"SPATA22",0.278,14
"T7","Oligodendrocytes","0","magenta",963,"PTP4A1",0.277,14
"T7","Oligodendrocytes","0","magenta",963,"MFN2",0.277,14
"T7","Oligodendrocytes","0","magenta",963,"GOLGA1",0.276,14
"T7","Oligodendrocytes","0","magenta",963,"ZFHX2",0.275,14
"T7","Oligodendrocytes","0","magenta",963,"SPG7",0.274,14
"T7","Oligodendrocytes","0","magenta",963,"RNF4",0.274,14
"T7","Oligodendrocytes","0","magenta",963,"TBC1D22B",0.273,13
"T7","Oligodendrocytes","0","magenta",963,"DDX42",0.272,13
"T7","Oligodendrocytes","0","magenta",963,"BCL2L13",0.269,13
"T7","Oligodendrocytes","0","magenta",963,"CLINT1",0.268,13
"T7","Oligodendrocytes","0","magenta",963,"CYTH1",0.268,13
"T7","Oligodendrocytes","0","magenta",963,"ACAP3",0.268,13
"T7","Oligodendrocytes","0","magenta",963,"CTNNBIP1",0.267,13
"T7","Oligodendrocytes","0","magenta",963,"FBXO22",0.267,13
"T7","Oligodendrocytes","0","magenta",963,"CUL4B",0.267,13
"T7","Oligodendrocytes","0","magenta",963,"CEPT1",0.266,13
"T7","Oligodendrocytes","0","magenta",963,"WDR35",0.265,12
"T7","Oligodendrocytes","0","magenta",963,"GNPTAB",0.26,12
"T7","Oligodendrocytes","0","magenta",963,"SHANK3",0.26,12
"T7","Oligodendrocytes","0","magenta",963,"ARNT2",0.26,12
"T7","Oligodendrocytes","0","magenta",963,"GNPAT",0.259,12
"T7","Oligodendrocytes","0","magenta",963,"BRCA1",0.258,12
"T7","Oligodendrocytes","0","magenta",963,"ARIH2",0.257,12
"T7","Oligodendrocytes","0","magenta",963,"SNRPA1",0.254,12
"T7","Oligodendrocytes","0","magenta",963,"IQSEC1",0.254,12
"T7","Oligodendrocytes","0","magenta",963,"RPRD1A",0.253,11
"T7","Oligodendrocytes","0","magenta",963,"KPNA3",0.253,11
"T7","Oligodendrocytes","0","magenta",963,"GRID2",0.253,11
"T7","Oligodendrocytes","0","magenta",963,"ZC3H6",0.253,11
"T7","Oligodendrocytes","0","magenta",963,"MGMT",0.253,12
"T7","Oligodendrocytes","0","magenta",963,"ZNF736",0.251,11
"T7","Oligodendrocytes","0","magenta",963,"NAT10",0.25,11
"T7","Oligodendrocytes","0","magenta",963,"AGBL3",0.25,11
"T7","Oligodendrocytes","0","magenta",963,"MRPS22",0.25,11
"T7","Oligodendrocytes","0","magenta",963,"SPAST",0.249,11
"T7","Oligodendrocytes","0","magenta",963,"CERS5",0.248,10
"T7","Oligodendrocytes","0","magenta",963,"PPP3CC",0.246,10
"T7","Oligodendrocytes","0","magenta",963,"NKX2-2",0.244,10
"T7","Oligodendrocytes","0","magenta",963,"CLPX",0.244,10
"T7","Oligodendrocytes","0","magenta",963,"PCYT1B",0.243,10
"T7","Oligodendrocytes","0","magenta",963,"ANKS6",0.242,10
"T7","Oligodendrocytes","0","magenta",963,"RHBDL2",0.24,10
"T7","Oligodendrocytes","0","magenta",963,"GGT7",0.239,10
"T7","Oligodendrocytes","0","magenta",963,"IMMT",0.238,10
"T7","Oligodendrocytes","0","magenta",963,"ASH2L",0.236,10
"T7","Oligodendrocytes","0","magenta",963,"WBP1L",0.235,9
"T7","Oligodendrocytes","0","magenta",963,"PPP1R3E",0.235,9
"T7","Oligodendrocytes","0","magenta",963,"TNPO2",0.234,9
"T7","Oligodendrocytes","0","magenta",963,"ZBTB4",0.231,9
"T7","Oligodendrocytes","0","magenta",963,"ASB8",0.23,9
"T7","Oligodendrocytes","0","magenta",963,"HABP4",0.229,9
"T7","Oligodendrocytes","0","magenta",963,"CFDP1",0.229,9
"T7","Oligodendrocytes","0","magenta",963,"PEX14",0.229,9
"T7","Oligodendrocytes","0","magenta",963,"SAP30BP",0.228,9
"T7","Oligodendrocytes","0","magenta",963,"DCP2",0.228,9
"T7","Oligodendrocytes","0","magenta",963,"SLC27A6",0.226,8
"T7","Oligodendrocytes","0","magenta",963,"LRRC40",0.224,8
"T7","Oligodendrocytes","0","magenta",963,"DCTN4",0.224,8
"T7","Oligodendrocytes","0","magenta",963,"NPLOC4",0.223,8
"T7","Oligodendrocytes","0","magenta",963,"METTL2B",0.222,8
"T7","Oligodendrocytes","0","magenta",963,"ATP2B1",0.222,8
"T7","Oligodendrocytes","0","magenta",963,"AGPAT3",0.217,8
"T7","Oligodendrocytes","0","magenta",963,"IFT43",0.216,8
"T7","Oligodendrocytes","0","magenta",963,"GTF3C2",0.215,7
"T7","Oligodendrocytes","0","magenta",963,"MTMR12",0.215,8
"T7","Oligodendrocytes","0","magenta",963,"ULK4",0.214,7
"T7","Oligodendrocytes","0","magenta",963,"TWSG1",0.213,7
"T7","Oligodendrocytes","0","magenta",963,"UEVLD",0.212,7
"T7","Oligodendrocytes","0","magenta",963,"DDX10",0.21,7
"T7","Oligodendrocytes","0","magenta",963,"PARP4",0.21,7
"T7","Oligodendrocytes","0","magenta",963,"HSD17B12",0.205,7
"T7","Oligodendrocytes","0","magenta",963,"BBS7",0.204,7
"T7","Oligodendrocytes","0","magenta",963,"DHX35",0.204,7
"T7","Oligodendrocytes","0","magenta",963,"ABCB7",0.202,6
"T7","Oligodendrocytes","0","magenta",963,"ACOX1",0.202,7
"T7","Oligodendrocytes","0","magenta",963,"MARF1",0.201,6
"T7","Oligodendrocytes","0","magenta",963,"TJAP1",0.201,6
"T7","Oligodendrocytes","0","magenta",963,"NPL",0.2,6
"T7","Oligodendrocytes","0","magenta",963,"FN3K",0.199,6
"T7","Oligodendrocytes","0","magenta",963,"TIMP2",0.197,6
"T7","Oligodendrocytes","0","magenta",963,"CCDC6",0.197,6
"T7","Oligodendrocytes","0","magenta",963,"RAB8B",0.196,6
"T7","Oligodendrocytes","0","magenta",963,"EIF2AK3",0.196,6
"T7","Oligodendrocytes","0","magenta",963,"OARD1",0.195,5
"T7","Oligodendrocytes","0","magenta",963,"GDAP2",0.194,5
"T7","Oligodendrocytes","0","magenta",963,"OSBP",0.193,5
"T7","Oligodendrocytes","0","magenta",963,"KDM5B",0.192,5
"T7","Oligodendrocytes","0","magenta",963,"ZNF710",0.19,5
"T7","Oligodendrocytes","0","magenta",963,"IMPAD1",0.189,5
"T7","Oligodendrocytes","0","magenta",963,"DHRS7B",0.188,5
"T7","Oligodendrocytes","0","magenta",963,"GFM1",0.187,5
"T7","Oligodendrocytes","0","magenta",963,"EXT2",0.185,5
"T7","Oligodendrocytes","0","magenta",963,"TTBK1",0.183,5
"T7","Oligodendrocytes","0","magenta",963,"SNRK",0.182,4
"T7","Oligodendrocytes","0","magenta",963,"MRRF",0.182,4
"T7","Oligodendrocytes","0","magenta",963,"UBE2J1",0.18,4
"T7","Oligodendrocytes","0","magenta",963,"KYAT3",0.178,4
"T7","Oligodendrocytes","0","magenta",963,"CINP",0.175,4
"T7","Oligodendrocytes","0","magenta",963,"HKR1",0.175,4
"T7","Oligodendrocytes","0","magenta",963,"NUDT21",0.174,4
"T7","Oligodendrocytes","0","magenta",963,"TUBE1",0.173,4
"T7","Oligodendrocytes","0","magenta",963,"ACYP2",0.173,4
"T7","Oligodendrocytes","0","magenta",963,"CCDC130",0.17,4
"T7","Oligodendrocytes","0","magenta",963,"KDM1A",0.169,3
"T7","Oligodendrocytes","0","magenta",963,"ZNF789",0.169,3
"T7","Oligodendrocytes","0","magenta",963,"CDK12",0.163,3
"T7","Oligodendrocytes","0","magenta",963,"OSBPL2",0.162,3
"T7","Oligodendrocytes","0","magenta",963,"SMU1",0.161,3
"T7","Oligodendrocytes","0","magenta",963,"INIP",0.156,3
"T7","Oligodendrocytes","0","magenta",963,"NUP50-DT",0.155,3
"T7","Oligodendrocytes","0","magenta",963,"WDR60",0.152,3
"T7","Oligodendrocytes","0","magenta",963,"CEP104",0.148,3
"T7","Oligodendrocytes","0","magenta",963,"FARSB",0.146,2
"T7","Oligodendrocytes","0","magenta",963,"TRAPPC6B",0.145,2
"T7","Oligodendrocytes","0","magenta",963,"RBM4B",0.143,2
"T7","Oligodendrocytes","0","magenta",963,"FMN1",0.127,2
"T7","Oligodendrocytes","0","magenta",963,"ZC3H7B",0.125,2
"T7","Oligodendrocytes","0","magenta",963,"AGPAT5",0.123,2
"T7","Oligodendrocytes","0","magenta",963,"ERCC3",0.119,2
"T7","Oligodendrocytes","0","magenta",963,"SH3GLB1",0.116,2
"T7","Oligodendrocytes","0","magenta",963,"PPP1R13B",0.115,2
"T7","Oligodendrocytes","0","magenta",963,"ABCD3",0.112,1
"T7","Oligodendrocytes","0","magenta",963,"ZNF814",0.112,2
"T7","Oligodendrocytes","0","magenta",963,"MTG2",0.111,1
"T7","Oligodendrocytes","0","magenta",963,"CHP1",0.11,1
"T7","Oligodendrocytes","0","magenta",963,"RNF20",0.107,1
"T7","Oligodendrocytes","0","magenta",963,"AC098850.3",0.103,1
"T7","Oligodendrocytes","0","magenta",963,"SNX14",0.103,1
"T7","Oligodendrocytes","0","magenta",963,"FAM173B",0.084,1
"T7","Oligodendrocytes","0","magenta",963,"ZNF569",0.068,1
"T7","Oligodendrocytes","0","magenta",963,"SWT1",0.068,1
"T7","Oligodendrocytes","0","magenta",963,"TCEA1",0.063,0
"T7","Oligodendrocytes","0","green",383,"STMN2",0.946,100
"T7","Oligodendrocytes","0","green",383,"UCHL1",0.94,100
"T7","Oligodendrocytes","0","green",383,"SNAP25",0.936,100
"T7","Oligodendrocytes","0","green",383,"MAP1B",0.932,100
"T7","Oligodendrocytes","0","green",383,"SYT1",0.924,99
"T7","Oligodendrocytes","0","green",383,"NEFL",0.919,99
"T7","Oligodendrocytes","0","green",383,"TUBB2A",0.908,99
"T7","Oligodendrocytes","0","green",383,"NEFM",0.905,99
"T7","Oligodendrocytes","0","green",383,"ALDH1A1",0.901,98
"T7","Oligodendrocytes","0","green",383,"NDRG4",0.897,98
"T7","Oligodendrocytes","0","green",383,"SCG2",0.889,98
"T7","Oligodendrocytes","0","green",383,"GAP43",0.888,98
"T7","Oligodendrocytes","0","green",383,"EEF1A2",0.88,97
"T7","Oligodendrocytes","0","green",383,"BASP1",0.876,97
"T7","Oligodendrocytes","0","green",383,"DKK3",0.866,97
"T7","Oligodendrocytes","0","green",383,"TUBA1B",0.865,97
"T7","Oligodendrocytes","0","green",383,"THY1",0.861,96
"T7","Oligodendrocytes","0","green",383,"PEG10",0.858,96
"T7","Oligodendrocytes","0","green",383,"MAP2",0.856,96
"T7","Oligodendrocytes","0","green",383,"ATP6V1B2",0.846,96
"T7","Oligodendrocytes","0","green",383,"MDH1",0.84,95
"T7","Oligodendrocytes","0","green",383,"YWHAG",0.832,95
"T7","Oligodendrocytes","0","green",383,"GNAS",0.831,95
"T7","Oligodendrocytes","0","green",383,"LDHB",0.825,94
"T7","Oligodendrocytes","0","green",383,"PGAM1",0.816,94
"T7","Oligodendrocytes","0","green",383,"PKM",0.815,94
"T7","Oligodendrocytes","0","green",383,"BEX1",0.806,94
"T7","Oligodendrocytes","0","green",383,"PLD3",0.804,93
"T7","Oligodendrocytes","0","green",383,"MAP1A",0.8,93
"T7","Oligodendrocytes","0","green",383,"SNCG",0.795,93
"T7","Oligodendrocytes","0","green",383,"TUBB",0.781,92
"T7","Oligodendrocytes","0","green",383,"PCLO",0.781,93
"T7","Oligodendrocytes","0","green",383,"CALM3",0.776,92
"T7","Oligodendrocytes","0","green",383,"STXBP1",0.772,92
"T7","Oligodendrocytes","0","green",383,"ACOT7",0.771,92
"T7","Oligodendrocytes","0","green",383,"GHITM",0.757,91
"T7","Oligodendrocytes","0","green",383,"YWHAB",0.754,91
"T7","Oligodendrocytes","0","green",383,"CPE",0.75,91
"T7","Oligodendrocytes","0","green",383,"CADPS",0.749,91
"T7","Oligodendrocytes","0","green",383,"SCOC",0.74,90
"T7","Oligodendrocytes","0","green",383,"SCG5",0.734,90
"T7","Oligodendrocytes","0","green",383,"SLC2A13",0.734,90
"T7","Oligodendrocytes","0","green",383,"FGF12",0.734,90
"T7","Oligodendrocytes","0","green",383,"PCSK1N",0.725,89
"T7","Oligodendrocytes","0","green",383,"ENO2",0.724,89
"T7","Oligodendrocytes","0","green",383,"DNM1",0.721,89
"T7","Oligodendrocytes","0","green",383,"MT-CO1",0.72,88
"T7","Oligodendrocytes","0","green",383,"TERF2IP",0.715,88
"T7","Oligodendrocytes","0","green",383,"IDS",0.715,88
"T7","Oligodendrocytes","0","green",383,"PINK1",0.712,88
"T7","Oligodendrocytes","0","green",383,"UBB",0.708,87
"T7","Oligodendrocytes","0","green",383,"ATP5F1B",0.705,87
"T7","Oligodendrocytes","0","green",383,"B4GAT1",0.704,87
"T7","Oligodendrocytes","0","green",383,"MYL12B",0.7,87
"T7","Oligodendrocytes","0","green",383,"SCRN1",0.699,86
"T7","Oligodendrocytes","0","green",383,"DSTN",0.695,86
"T7","Oligodendrocytes","0","green",383,"DYNC1H1",0.692,86
"T7","Oligodendrocytes","0","green",383,"TUBB4B",0.687,86
"T7","Oligodendrocytes","0","green",383,"SV2A",0.685,85
"T7","Oligodendrocytes","0","green",383,"VDAC1",0.685,85
"T7","Oligodendrocytes","0","green",383,"ATP5F1A",0.684,85
"T7","Oligodendrocytes","0","green",383,"CLIP3",0.683,85
"T7","Oligodendrocytes","0","green",383,"CLTC",0.663,84
"T7","Oligodendrocytes","0","green",383,"BEX3",0.66,84
"T7","Oligodendrocytes","0","green",383,"ACTG1",0.656,84
"T7","Oligodendrocytes","0","green",383,"SLC25A3",0.654,83
"T7","Oligodendrocytes","0","green",383,"NLGN4Y",0.654,83
"T7","Oligodendrocytes","0","green",383,"TSPYL1",0.654,83
"T7","Oligodendrocytes","0","green",383,"FBXO2",0.652,83
"T7","Oligodendrocytes","0","green",383,"ATP6V1G1",0.647,82
"T7","Oligodendrocytes","0","green",383,"SLC12A2",0.646,82
"T7","Oligodendrocytes","0","green",383,"CISD1",0.645,82
"T7","Oligodendrocytes","0","green",383,"KIF3C",0.645,82
"T7","Oligodendrocytes","0","green",383,"GOT1",0.639,81
"T7","Oligodendrocytes","0","green",383,"ATP6V1E1",0.636,81
"T7","Oligodendrocytes","0","green",383,"RIMS1",0.633,81
"T7","Oligodendrocytes","0","green",383,"CMAS",0.62,81
"T7","Oligodendrocytes","0","green",383,"KLC1",0.619,80
"T7","Oligodendrocytes","0","green",383,"CDIP1",0.618,80
"T7","Oligodendrocytes","0","green",383,"PGK1",0.615,80
"T7","Oligodendrocytes","0","green",383,"SERINC1",0.61,79
"T7","Oligodendrocytes","0","green",383,"RTL8C",0.61,80
"T7","Oligodendrocytes","0","green",383,"NPTN",0.602,79
"T7","Oligodendrocytes","0","green",383,"NSF",0.601,79
"T7","Oligodendrocytes","0","green",383,"HSPA5",0.6,79
"T7","Oligodendrocytes","0","green",383,"SUB1",0.596,78
"T7","Oligodendrocytes","0","green",383,"CHN1",0.594,78
"T7","Oligodendrocytes","0","green",383,"ATP6V0D1",0.592,78
"T7","Oligodendrocytes","0","green",383,"SPTAN1",0.588,77
"T7","Oligodendrocytes","0","green",383,"TNFRSF21",0.588,77
"T7","Oligodendrocytes","0","green",383,"KDM5D",0.585,77
"T7","Oligodendrocytes","0","green",383,"PJA2",0.583,77
"T7","Oligodendrocytes","0","green",383,"GABRB1",0.58,76
"T7","Oligodendrocytes","0","green",383,"PAFAH1B2",0.577,76
"T7","Oligodendrocytes","0","green",383,"ATP5IF1",0.575,76
"T7","Oligodendrocytes","0","green",383,"CYCS",0.574,76
"T7","Oligodendrocytes","0","green",383,"RTN1",0.573,75
"T7","Oligodendrocytes","0","green",383,"KIF21A",0.572,75
"T7","Oligodendrocytes","0","green",383,"NCKAP5",0.571,75
"T7","Oligodendrocytes","0","green",383,"ATP6V1A",0.571,75
"T7","Oligodendrocytes","0","green",383,"HSPA8",0.567,74
"T7","Oligodendrocytes","0","green",383,"LANCL1",0.566,74
"T7","Oligodendrocytes","0","green",383,"GPM6A",0.564,74
"T7","Oligodendrocytes","0","green",383,"DYNLL2",0.563,74
"T7","Oligodendrocytes","0","green",383,"TTTY14",0.557,73
"T7","Oligodendrocytes","0","green",383,"PITHD1",0.552,73
"T7","Oligodendrocytes","0","green",383,"FAM171B",0.552,73
"T7","Oligodendrocytes","0","green",383,"NAPB",0.55,72
"T7","Oligodendrocytes","0","green",383,"VPS35",0.548,72
"T7","Oligodendrocytes","0","green",383,"SPCS3",0.546,72
"T7","Oligodendrocytes","0","green",383,"USP9Y",0.542,72
"T7","Oligodendrocytes","0","green",383,"GNG7",0.541,71
"T7","Oligodendrocytes","0","green",383,"USP5",0.54,71
"T7","Oligodendrocytes","0","green",383,"TCEAL4",0.533,71
"T7","Oligodendrocytes","0","green",383,"OXR1",0.532,70
"T7","Oligodendrocytes","0","green",383,"MT-CO2",0.532,71
"T7","Oligodendrocytes","0","green",383,"EPHB2",0.531,70
"T7","Oligodendrocytes","0","green",383,"NRXN2",0.53,70
"T7","Oligodendrocytes","0","green",383,"SYNJ1",0.528,70
"T7","Oligodendrocytes","0","green",383,"MAPRE3",0.523,69
"T7","Oligodendrocytes","0","green",383,"UTY",0.522,69
"T7","Oligodendrocytes","0","green",383,"ADARB2-AS1",0.521,69
"T7","Oligodendrocytes","0","green",383,"VCP",0.52,68
"T7","Oligodendrocytes","0","green",383,"VDAC3",0.52,69
"T7","Oligodendrocytes","0","green",383,"SDCBP",0.518,68
"T7","Oligodendrocytes","0","green",383,"ROBO2",0.517,68
"T7","Oligodendrocytes","0","green",383,"NDUFA5",0.515,68
"T7","Oligodendrocytes","0","green",383,"GREB1",0.513,67
"T7","Oligodendrocytes","0","green",383,"DCLK1",0.512,67
"T7","Oligodendrocytes","0","green",383,"OPTN",0.511,67
"T7","Oligodendrocytes","0","green",383,"LONRF2",0.504,66
"T7","Oligodendrocytes","0","green",383,"HACD3",0.503,66
"T7","Oligodendrocytes","0","green",383,"UBE2V2",0.502,66
"T7","Oligodendrocytes","0","green",383,"AES",0.502,66
"T7","Oligodendrocytes","0","green",383,"PPM1E",0.501,65
"T7","Oligodendrocytes","0","green",383,"BCAT1",0.498,65
"T7","Oligodendrocytes","0","green",383,"ABTB2",0.496,65
"T7","Oligodendrocytes","0","green",383,"ATP5PB",0.495,65
"T7","Oligodendrocytes","0","green",383,"SLC38A1",0.493,64
"T7","Oligodendrocytes","0","green",383,"MLF2",0.493,64
"T7","Oligodendrocytes","0","green",383,"ATP13A2",0.492,64
"T7","Oligodendrocytes","0","green",383,"SSU72",0.483,64
"T7","Oligodendrocytes","0","green",383,"BNIP3",0.481,63
"T7","Oligodendrocytes","0","green",383,"ME1",0.479,63
"T7","Oligodendrocytes","0","green",383,"UHMK1",0.478,63
"T7","Oligodendrocytes","0","green",383,"FAM135B",0.478,63
"T7","Oligodendrocytes","0","green",383,"SYP",0.476,62
"T7","Oligodendrocytes","0","green",383,"MT-CO3",0.474,62
"T7","Oligodendrocytes","0","green",383,"MTERF1",0.474,62
"T7","Oligodendrocytes","0","green",383,"CAMLG",0.466,61
"T7","Oligodendrocytes","0","green",383,"DTX4",0.465,61
"T7","Oligodendrocytes","0","green",383,"DYNC1I1",0.464,61
"T7","Oligodendrocytes","0","green",383,"ADGRL3",0.464,61
"T7","Oligodendrocytes","0","green",383,"UBA6-AS1",0.463,60
"T7","Oligodendrocytes","0","green",383,"MT-ND1",0.462,60
"T7","Oligodendrocytes","0","green",383,"GABARAPL1",0.456,60
"T7","Oligodendrocytes","0","green",383,"PCMT1",0.456,60
"T7","Oligodendrocytes","0","green",383,"CEP170",0.452,59
"T7","Oligodendrocytes","0","green",383,"OAT",0.451,59
"T7","Oligodendrocytes","0","green",383,"KCNJ10",0.45,58
"T7","Oligodendrocytes","0","green",383,"CANX",0.45,59
"T7","Oligodendrocytes","0","green",383,"KCNK1",0.45,59
"T7","Oligodendrocytes","0","green",383,"EXTL2",0.449,58
"T7","Oligodendrocytes","0","green",383,"CCT6A",0.445,58
"T7","Oligodendrocytes","0","green",383,"FMNL2",0.444,57
"T7","Oligodendrocytes","0","green",383,"GOLGB1",0.444,58
"T7","Oligodendrocytes","0","green",383,"PREPL",0.443,57
"T7","Oligodendrocytes","0","green",383,"G3BP2",0.442,57
"T7","Oligodendrocytes","0","green",383,"GALNT1",0.441,57
"T7","Oligodendrocytes","0","green",383,"WASF1",0.44,56
"T7","Oligodendrocytes","0","green",383,"AC105402.3",0.439,56
"T7","Oligodendrocytes","0","green",383,"SCAMP5",0.436,56
"T7","Oligodendrocytes","0","green",383,"ARMCX3",0.435,55
"T7","Oligodendrocytes","0","green",383,"DSCAML1",0.434,55
"T7","Oligodendrocytes","0","green",383,"MFSD6",0.433,55
"T7","Oligodendrocytes","0","green",383,"CCNY",0.432,54
"T7","Oligodendrocytes","0","green",383,"PPP3CB",0.432,55
"T7","Oligodendrocytes","0","green",383,"CACNA1D",0.431,54
"T7","Oligodendrocytes","0","green",383,"KANK4",0.43,54
"T7","Oligodendrocytes","0","green",383,"SNCA",0.43,54
"T7","Oligodendrocytes","0","green",383,"ARPP21",0.428,53
"T7","Oligodendrocytes","0","green",383,"KIF13B",0.427,53
"T7","Oligodendrocytes","0","green",383,"SUCLA2",0.427,53
"T7","Oligodendrocytes","0","green",383,"UBE2N",0.426,53
"T7","Oligodendrocytes","0","green",383,"TOLLIP",0.425,52
"T7","Oligodendrocytes","0","green",383,"ATMIN",0.422,52
"T7","Oligodendrocytes","0","green",383,"ORMDL1",0.42,52
"T7","Oligodendrocytes","0","green",383,"ZMAT3",0.418,52
"T7","Oligodendrocytes","0","green",383,"PSMD12",0.417,51
"T7","Oligodendrocytes","0","green",383,"GALNT11",0.414,51
"T7","Oligodendrocytes","0","green",383,"DAB1",0.413,50
"T7","Oligodendrocytes","0","green",383,"CTSB",0.413,51
"T7","Oligodendrocytes","0","green",383,"UROS",0.412,50
"T7","Oligodendrocytes","0","green",383,"COPS4",0.411,49
"T7","Oligodendrocytes","0","green",383,"TPM3",0.411,50
"T7","Oligodendrocytes","0","green",383,"LRMDA",0.411,50
"T7","Oligodendrocytes","0","green",383,"STRAP",0.407,49
"T7","Oligodendrocytes","0","green",383,"PLEKHB2",0.404,49
"T7","Oligodendrocytes","0","green",383,"CMIP",0.404,49
"T7","Oligodendrocytes","0","green",383,"MAPRE2",0.403,48
"T7","Oligodendrocytes","0","green",383,"GNB1",0.402,48
"T7","Oligodendrocytes","0","green",383,"PPP2R2C",0.397,48
"T7","Oligodendrocytes","0","green",383,"ACTR10",0.396,48
"T7","Oligodendrocytes","0","green",383,"AL392023.2",0.394,47
"T7","Oligodendrocytes","0","green",383,"TPGS2",0.394,47
"T7","Oligodendrocytes","0","green",383,"RCBTB2",0.379,47
"T7","Oligodendrocytes","0","green",383,"SMAP1",0.377,47
"T7","Oligodendrocytes","0","green",383,"DENR",0.376,46
"T7","Oligodendrocytes","0","green",383,"SGTB",0.373,46
"T7","Oligodendrocytes","0","green",383,"LRRTM4",0.371,46
"T7","Oligodendrocytes","0","green",383,"KIFAP3",0.369,46
"T7","Oligodendrocytes","0","green",383,"TUBB4A",0.366,45
"T7","Oligodendrocytes","0","green",383,"CCSER2",0.366,45
"T7","Oligodendrocytes","0","green",383,"VOPP1",0.363,44
"T7","Oligodendrocytes","0","green",383,"NBPF1",0.363,45
"T7","Oligodendrocytes","0","green",383,"GXYLT2",0.362,44
"T7","Oligodendrocytes","0","green",383,"TTC3",0.361,44
"T7","Oligodendrocytes","0","green",383,"THRAP3",0.36,44
"T7","Oligodendrocytes","0","green",383,"SLCO3A1",0.359,43
"T7","Oligodendrocytes","0","green",383,"SGSM1",0.357,43
"T7","Oligodendrocytes","0","green",383,"LMBRD2",0.35,43
"T7","Oligodendrocytes","0","green",383,"CAP1",0.35,43
"T7","Oligodendrocytes","0","green",383,"VSTM4",0.349,42
"T7","Oligodendrocytes","0","green",383,"EPB41L1",0.347,42
"T7","Oligodendrocytes","0","green",383,"DNER",0.347,42
"T7","Oligodendrocytes","0","green",383,"CYFIP2",0.347,42
"T7","Oligodendrocytes","0","green",383,"WSB2",0.345,41
"T7","Oligodendrocytes","0","green",383,"AC006115.3",0.344,41
"T7","Oligodendrocytes","0","green",383,"SLC9A6",0.342,41
"T7","Oligodendrocytes","0","green",383,"STK39",0.339,41
"T7","Oligodendrocytes","0","green",383,"ACBD3",0.338,40
"T7","Oligodendrocytes","0","green",383,"CCPG1",0.336,40
"T7","Oligodendrocytes","0","green",383,"MAGED1",0.334,40
"T7","Oligodendrocytes","0","green",383,"STX2",0.333,40
"T7","Oligodendrocytes","0","green",383,"ADAM23",0.332,39
"T7","Oligodendrocytes","0","green",383,"PWAR6",0.33,39
"T7","Oligodendrocytes","0","green",383,"VASH1",0.327,39
"T7","Oligodendrocytes","0","green",383,"YPEL5",0.324,38
"T7","Oligodendrocytes","0","green",383,"GPR158",0.324,38
"T7","Oligodendrocytes","0","green",383,"KCNQ3",0.324,38
"T7","Oligodendrocytes","0","green",383,"PPHLN1",0.324,38
"T7","Oligodendrocytes","0","green",383,"EIF3A",0.322,37
"T7","Oligodendrocytes","0","green",383,"SRPRB",0.32,37
"T7","Oligodendrocytes","0","green",383,"PAPSS1",0.32,37
"T7","Oligodendrocytes","0","green",383,"SPARCL1",0.318,36
"T7","Oligodendrocytes","0","green",383,"ESRRG",0.318,37
"T7","Oligodendrocytes","0","green",383,"ARL1",0.316,36
"T7","Oligodendrocytes","0","green",383,"DNAJC5",0.315,36
"T7","Oligodendrocytes","0","green",383,"MOB3B",0.315,36
"T7","Oligodendrocytes","0","green",383,"SOCS6",0.314,35
"T7","Oligodendrocytes","0","green",383,"RRAGC",0.313,35
"T7","Oligodendrocytes","0","green",383,"CLCN3",0.313,35
"T7","Oligodendrocytes","0","green",383,"DUSP3",0.313,35
"T7","Oligodendrocytes","0","green",383,"MCFD2",0.312,34
"T7","Oligodendrocytes","0","green",383,"RHEB",0.312,34
"T7","Oligodendrocytes","0","green",383,"SEMA3C",0.309,34
"T7","Oligodendrocytes","0","green",383,"ZNF100",0.308,33
"T7","Oligodendrocytes","0","green",383,"GOLGA4",0.306,33
"T7","Oligodendrocytes","0","green",383,"KPNB1",0.305,33
"T7","Oligodendrocytes","0","green",383,"USP53",0.304,32
"T7","Oligodendrocytes","0","green",383,"ACTR2",0.304,32
"T7","Oligodendrocytes","0","green",383,"NUDT3",0.304,33
"T7","Oligodendrocytes","0","green",383,"DNAJB14",0.303,32
"T7","Oligodendrocytes","0","green",383,"PRPF19",0.301,31
"T7","Oligodendrocytes","0","green",383,"ATP6V1H",0.301,31
"T7","Oligodendrocytes","0","green",383,"DNAJB12",0.301,32
"T7","Oligodendrocytes","0","green",383,"DCTN5",0.3,31
"T7","Oligodendrocytes","0","green",383,"TRIM37",0.298,31
"T7","Oligodendrocytes","0","green",383,"NME7",0.296,30
"T7","Oligodendrocytes","0","green",383,"PLD1",0.296,30
"T7","Oligodendrocytes","0","green",383,"KIDINS220",0.295,30
"T7","Oligodendrocytes","0","green",383,"DEF8",0.293,30
"T7","Oligodendrocytes","0","green",383,"ATP6V1D",0.29,29
"T7","Oligodendrocytes","0","green",383,"KIF1BP",0.289,29
"T7","Oligodendrocytes","0","green",383,"ATP1A1",0.286,29
"T7","Oligodendrocytes","0","green",383,"UGP2",0.286,29
"T7","Oligodendrocytes","0","green",383,"RAB7A",0.285,28
"T7","Oligodendrocytes","0","green",383,"ABCA3",0.284,28
"T7","Oligodendrocytes","0","green",383,"HECTD4",0.283,28
"T7","Oligodendrocytes","0","green",383,"KBTBD6",0.279,27
"T7","Oligodendrocytes","0","green",383,"DSEL",0.279,27
"T7","Oligodendrocytes","0","green",383,"ACLY",0.277,27
"T7","Oligodendrocytes","0","green",383,"POGLUT1",0.276,27
"T7","Oligodendrocytes","0","green",383,"CNKSR3",0.273,26
"T7","Oligodendrocytes","0","green",383,"AF241726.2",0.273,26
"T7","Oligodendrocytes","0","green",383,"RCN2",0.266,26
"T7","Oligodendrocytes","0","green",383,"MEAF6",0.265,25
"T7","Oligodendrocytes","0","green",383,"PQLC1",0.265,26
"T7","Oligodendrocytes","0","green",383,"GLRX3",0.264,25
"T7","Oligodendrocytes","0","green",383,"TMEM230",0.263,25
"T7","Oligodendrocytes","0","green",383,"WDR47",0.262,25
"T7","Oligodendrocytes","0","green",383,"CAND1",0.26,24
"T7","Oligodendrocytes","0","green",383,"GABPB1-AS1",0.259,24
"T7","Oligodendrocytes","0","green",383,"FAM217B",0.254,24
"T7","Oligodendrocytes","0","green",383,"MAST3",0.253,24
"T7","Oligodendrocytes","0","green",383,"METTL9",0.252,23
"T7","Oligodendrocytes","0","green",383,"UPF3A",0.252,23
"T7","Oligodendrocytes","0","green",383,"ARHGAP22",0.25,23
"T7","Oligodendrocytes","0","green",383,"GRSF1",0.248,22
"T7","Oligodendrocytes","0","green",383,"C6orf106",0.248,22
"T7","Oligodendrocytes","0","green",383,"BLCAP",0.248,22
"T7","Oligodendrocytes","0","green",383,"BTBD10",0.247,22
"T7","Oligodendrocytes","0","green",383,"DNAJA4",0.246,21
"T7","Oligodendrocytes","0","green",383,"HEG1",0.244,21
"T7","Oligodendrocytes","0","green",383,"FYTTD1",0.242,21
"T7","Oligodendrocytes","0","green",383,"SLC35B4",0.242,21
"T7","Oligodendrocytes","0","green",383,"MCF2L",0.241,20
"T7","Oligodendrocytes","0","green",383,"USP6NL",0.241,20
"T7","Oligodendrocytes","0","green",383,"URI1",0.241,20
"T7","Oligodendrocytes","0","green",383,"GATB",0.239,20
"T7","Oligodendrocytes","0","green",383,"MAPK9",0.238,19
"T7","Oligodendrocytes","0","green",383,"ARL17B",0.236,19
"T7","Oligodendrocytes","0","green",383,"EPM2A",0.235,19
"T7","Oligodendrocytes","0","green",383,"TOMM70",0.234,19
"T7","Oligodendrocytes","0","green",383,"PYGB",0.231,18
"T7","Oligodendrocytes","0","green",383,"MRPS25",0.231,18
"T7","Oligodendrocytes","0","green",383,"MOSMO",0.226,18
"T7","Oligodendrocytes","0","green",383,"PPME1",0.226,18
"T7","Oligodendrocytes","0","green",383,"UBE2O",0.225,17
"T7","Oligodendrocytes","0","green",383,"CYP27A1",0.224,17
"T7","Oligodendrocytes","0","green",383,"MAGI3",0.222,16
"T7","Oligodendrocytes","0","green",383,"DHX32",0.222,17
"T7","Oligodendrocytes","0","green",383,"SLU7",0.221,16
"T7","Oligodendrocytes","0","green",383,"NTPCR",0.219,16
"T7","Oligodendrocytes","0","green",383,"USP14",0.215,16
"T7","Oligodendrocytes","0","green",383,"USP8",0.212,15
"T7","Oligodendrocytes","0","green",383,"SMAP2",0.211,15
"T7","Oligodendrocytes","0","green",383,"MADD",0.21,15
"T7","Oligodendrocytes","0","green",383,"PACS1",0.21,15
"T7","Oligodendrocytes","0","green",383,"SMARCA4",0.208,14
"T7","Oligodendrocytes","0","green",383,"TFDP2",0.208,14
"T7","Oligodendrocytes","0","green",383,"OLIG1",0.207,14
"T7","Oligodendrocytes","0","green",383,"COL16A1",0.202,14
"T7","Oligodendrocytes","0","green",383,"UBA5",0.198,13
"T7","Oligodendrocytes","0","green",383,"CCDC92",0.191,13
"T7","Oligodendrocytes","0","green",383,"RAPGEF4",0.191,13
"T7","Oligodendrocytes","0","green",383,"MAML3",0.19,13
"T7","Oligodendrocytes","0","green",383,"SLC25A12",0.189,12
"T7","Oligodendrocytes","0","green",383,"UBE2D2",0.187,12
"T7","Oligodendrocytes","0","green",383,"TRAF3",0.186,12
"T7","Oligodendrocytes","0","green",383,"SDHC",0.185,11
"T7","Oligodendrocytes","0","green",383,"AZI2",0.185,11
"T7","Oligodendrocytes","0","green",383,"HARS",0.185,11
"T7","Oligodendrocytes","0","green",383,"UHRF1BP1",0.183,11
"T7","Oligodendrocytes","0","green",383,"TRA2A",0.181,10
"T7","Oligodendrocytes","0","green",383,"RAB2A",0.18,10
"T7","Oligodendrocytes","0","green",383,"GOT2",0.18,10
"T7","Oligodendrocytes","0","green",383,"SEC23A",0.18,10
"T7","Oligodendrocytes","0","green",383,"ABL1",0.179,9
"T7","Oligodendrocytes","0","green",383,"NAALAD2",0.177,9
"T7","Oligodendrocytes","0","green",383,"SEPT2",0.174,9
"T7","Oligodendrocytes","0","green",383,"MANBA",0.172,8
"T7","Oligodendrocytes","0","green",383,"NT5DC1",0.172,8
"T7","Oligodendrocytes","0","green",383,"DELE1",0.172,8
"T7","Oligodendrocytes","0","green",383,"XRCC5",0.172,9
"T7","Oligodendrocytes","0","green",383,"DNAJC18",0.168,8
"T7","Oligodendrocytes","0","green",383,"ARL10",0.164,7
"T7","Oligodendrocytes","0","green",383,"PHYKPL",0.161,7
"T7","Oligodendrocytes","0","green",383,"DLD",0.155,7
"T7","Oligodendrocytes","0","green",383,"RAB18",0.153,7
"T7","Oligodendrocytes","0","green",383,"FAM168B",0.152,6
"T7","Oligodendrocytes","0","green",383,"NEPRO",0.152,6
"T7","Oligodendrocytes","0","green",383,"SNX18",0.15,6
"T7","Oligodendrocytes","0","green",383,"GNS",0.149,5
"T7","Oligodendrocytes","0","green",383,"SNRNP70",0.148,5
"T7","Oligodendrocytes","0","green",383,"MRPS35",0.147,5
"T7","Oligodendrocytes","0","green",383,"SMIM14",0.141,5
"T7","Oligodendrocytes","0","green",383,"HLTF",0.14,4
"T7","Oligodendrocytes","0","green",383,"KIFC3",0.138,4
"T7","Oligodendrocytes","0","green",383,"AP3S1",0.134,4
"T7","Oligodendrocytes","0","green",383,"AKTIP",0.127,4
"T7","Oligodendrocytes","0","green",383,"GATAD1",0.126,3
"T7","Oligodendrocytes","0","green",383,"HIF1AN",0.125,3
"T7","Oligodendrocytes","0","green",383,"PRDM2",0.125,3
"T7","Oligodendrocytes","0","green",383,"ADAR",0.124,3
"T7","Oligodendrocytes","0","green",383,"NSFL1C",0.11,2
"T7","Oligodendrocytes","0","green",383,"NME9",0.104,2
"T7","Oligodendrocytes","0","green",383,"PIK3R4",0.101,2
"T7","Oligodendrocytes","0","green",383,"MPPE1",0.095,2
"T7","Oligodendrocytes","0","green",383,"CPEB2",0.094,1
"T7","Oligodendrocytes","0","green",383,"ADCK1",0.093,1
"T7","Oligodendrocytes","0","green",383,"SLC25A26",0.088,1
"T7","Oligodendrocytes","0","green",383,"PILRB",0.087,0
"T7","Oligodendrocytes","0","brown",584,"ZBTB16",0.863,100
"T7","Oligodendrocytes","0","brown",584,"BCL2",0.838,100
"T7","Oligodendrocytes","0","brown",584,"SGK1",0.836,100
"T7","Oligodendrocytes","0","brown",584,"XPO1",0.828,100
"T7","Oligodendrocytes","0","brown",584,"PDK4",0.817,99
"T7","Oligodendrocytes","0","brown",584,"AC106869.1",0.817,100
"T7","Oligodendrocytes","0","brown",584,"RELN",0.817,100
"T7","Oligodendrocytes","0","brown",584,"LRRC1",0.806,99
"T7","Oligodendrocytes","0","brown",584,"DIP2C",0.804,99
"T7","Oligodendrocytes","0","brown",584,"NCAM2",0.797,99
"T7","Oligodendrocytes","0","brown",584,"KLF9",0.787,99
"T7","Oligodendrocytes","0","brown",584,"BBS2",0.787,99
"T7","Oligodendrocytes","0","brown",584,"FOXP1",0.784,98
"T7","Oligodendrocytes","0","brown",584,"RHOBTB3",0.779,98
"T7","Oligodendrocytes","0","brown",584,"AL645465.1",0.775,98
"T7","Oligodendrocytes","0","brown",584,"LRP4",0.766,98
"T7","Oligodendrocytes","0","brown",584,"APOLD1",0.762,98
"T7","Oligodendrocytes","0","brown",584,"IKZF2",0.76,98
"T7","Oligodendrocytes","0","brown",584,"NDUFAF6",0.756,97
"T7","Oligodendrocytes","0","brown",584,"KLF15",0.756,97
"T7","Oligodendrocytes","0","brown",584,"FXR1",0.755,97
"T7","Oligodendrocytes","0","brown",584,"KANSL1L",0.753,97
"T7","Oligodendrocytes","0","brown",584,"CADM1",0.751,97
"T7","Oligodendrocytes","0","brown",584,"PDS5B",0.75,97
"T7","Oligodendrocytes","0","brown",584,"LGR4",0.749,96
"T7","Oligodendrocytes","0","brown",584,"MAPT",0.726,96
"T7","Oligodendrocytes","0","brown",584,"CDH20",0.721,96
"T7","Oligodendrocytes","0","brown",584,"PTGES3",0.719,96
"T7","Oligodendrocytes","0","brown",584,"INSR",0.716,96
"T7","Oligodendrocytes","0","brown",584,"CRIM1",0.71,96
"T7","Oligodendrocytes","0","brown",584,"ZCCHC2",0.703,95
"T7","Oligodendrocytes","0","brown",584,"TACC1",0.703,95
"T7","Oligodendrocytes","0","brown",584,"PER1",0.702,95
"T7","Oligodendrocytes","0","brown",584,"PHF21A",0.696,95
"T7","Oligodendrocytes","0","brown",584,"PIP4K2A",0.694,95
"T7","Oligodendrocytes","0","brown",584,"GIT1",0.69,94
"T7","Oligodendrocytes","0","brown",584,"MIB1",0.689,94
"T7","Oligodendrocytes","0","brown",584,"BCL2L1",0.689,94
"T7","Oligodendrocytes","0","brown",584,"MAN2A1",0.688,94
"T7","Oligodendrocytes","0","brown",584,"CHORDC1",0.686,94
"T7","Oligodendrocytes","0","brown",584,"WWOX",0.683,94
"T7","Oligodendrocytes","0","brown",584,"NBEA",0.682,93
"T7","Oligodendrocytes","0","brown",584,"AC016597.1",0.681,93
"T7","Oligodendrocytes","0","brown",584,"KMT2E",0.679,93
"T7","Oligodendrocytes","0","brown",584,"EFHD1",0.679,93
"T7","Oligodendrocytes","0","brown",584,"BBX",0.678,93
"T7","Oligodendrocytes","0","brown",584,"WAC",0.678,93
"T7","Oligodendrocytes","0","brown",584,"SLC22A23",0.677,92
"T7","Oligodendrocytes","0","brown",584,"SUGT1",0.676,92
"T7","Oligodendrocytes","0","brown",584,"AGO2",0.675,92
"T7","Oligodendrocytes","0","brown",584,"KCNMB4",0.675,92
"T7","Oligodendrocytes","0","brown",584,"DOCK9",0.673,92
"T7","Oligodendrocytes","0","brown",584,"LINC00862",0.672,91
"T7","Oligodendrocytes","0","brown",584,"P2RX7",0.672,92
"T7","Oligodendrocytes","0","brown",584,"ARMC8",0.671,91
"T7","Oligodendrocytes","0","brown",584,"HEY2",0.666,91
"T7","Oligodendrocytes","0","brown",584,"CREBBP",0.664,91
"T7","Oligodendrocytes","0","brown",584,"PPM1K",0.664,91
"T7","Oligodendrocytes","0","brown",584,"JAKMIP2",0.663,91
"T7","Oligodendrocytes","0","brown",584,"P3H2",0.661,90
"T7","Oligodendrocytes","0","brown",584,"DIP2B",0.659,90
"T7","Oligodendrocytes","0","brown",584,"TNRC6B",0.655,90
"T7","Oligodendrocytes","0","brown",584,"TIAM2",0.65,90
"T7","Oligodendrocytes","0","brown",584,"RFX3",0.648,90
"T7","Oligodendrocytes","0","brown",584,"BANP",0.642,90
"T7","Oligodendrocytes","0","brown",584,"CAMKMT",0.641,89
"T7","Oligodendrocytes","0","brown",584,"TSC22D3",0.641,89
"T7","Oligodendrocytes","0","brown",584,"STIP1",0.64,89
"T7","Oligodendrocytes","0","brown",584,"TXNL4B",0.64,89
"T7","Oligodendrocytes","0","brown",584,"CPM",0.638,89
"T7","Oligodendrocytes","0","brown",584,"SAFB2",0.632,88
"T7","Oligodendrocytes","0","brown",584,"ARHGAP17",0.63,88
"T7","Oligodendrocytes","0","brown",584,"MPDZ",0.628,88
"T7","Oligodendrocytes","0","brown",584,"INTS6",0.627,88
"T7","Oligodendrocytes","0","brown",584,"SEMA4B",0.626,88
"T7","Oligodendrocytes","0","brown",584,"FBXO11",0.625,88
"T7","Oligodendrocytes","0","brown",584,"NCOR1",0.622,87
"T7","Oligodendrocytes","0","brown",584,"KIF19",0.622,87
"T7","Oligodendrocytes","0","brown",584,"KIAA1958",0.621,87
"T7","Oligodendrocytes","0","brown",584,"GPC5",0.62,87
"T7","Oligodendrocytes","0","brown",584,"TBCD",0.62,87
"T7","Oligodendrocytes","0","brown",584,"AKT3",0.618,87
"T7","Oligodendrocytes","0","brown",584,"PHACTR3",0.616,86
"T7","Oligodendrocytes","0","brown",584,"SSBP2",0.613,86
"T7","Oligodendrocytes","0","brown",584,"HTATIP2",0.612,86
"T7","Oligodendrocytes","0","brown",584,"CHST3",0.611,86
"T7","Oligodendrocytes","0","brown",584,"HSPA1A",0.611,86
"T7","Oligodendrocytes","0","brown",584,"RFTN2",0.611,86
"T7","Oligodendrocytes","0","brown",584,"GKAP1",0.605,85
"T7","Oligodendrocytes","0","brown",584,"UBE4B",0.604,85
"T7","Oligodendrocytes","0","brown",584,"HIP1",0.602,85
"T7","Oligodendrocytes","0","brown",584,"MYRIP",0.601,85
"T7","Oligodendrocytes","0","brown",584,"RALGAPA2",0.601,85
"T7","Oligodendrocytes","0","brown",584,"PRKX",0.599,84
"T7","Oligodendrocytes","0","brown",584,"HSPH1",0.599,85
"T7","Oligodendrocytes","0","brown",584,"TMEM65",0.594,84
"T7","Oligodendrocytes","0","brown",584,"OTUD7A",0.592,84
"T7","Oligodendrocytes","0","brown",584,"KIZ",0.592,84
"T7","Oligodendrocytes","0","brown",584,"NAA16",0.591,84
"T7","Oligodendrocytes","0","brown",584,"ABCA6",0.591,84
"T7","Oligodendrocytes","0","brown",584,"STK38",0.59,83
"T7","Oligodendrocytes","0","brown",584,"MTRNR2L12",0.589,83
"T7","Oligodendrocytes","0","brown",584,"MAIP1",0.585,83
"T7","Oligodendrocytes","0","brown",584,"SNAP23",0.579,83
"T7","Oligodendrocytes","0","brown",584,"FUBP1",0.577,83
"T7","Oligodendrocytes","0","brown",584,"PNPLA7",0.575,82
"T7","Oligodendrocytes","0","brown",584,"CDK17",0.574,82
"T7","Oligodendrocytes","0","brown",584,"RPS6KA3",0.574,82
"T7","Oligodendrocytes","0","brown",584,"SESN1",0.573,82
"T7","Oligodendrocytes","0","brown",584,"AC096677.1",0.57,82
"T7","Oligodendrocytes","0","brown",584,"GTF2H2C",0.568,82
"T7","Oligodendrocytes","0","brown",584,"EZH1",0.567,81
"T7","Oligodendrocytes","0","brown",584,"CTDSP2",0.566,81
"T7","Oligodendrocytes","0","brown",584,"SNX25",0.566,81
"T7","Oligodendrocytes","0","brown",584,"BCL6",0.565,81
"T7","Oligodendrocytes","0","brown",584,"PIEZO2",0.564,81
"T7","Oligodendrocytes","0","brown",584,"RPTOR",0.564,81
"T7","Oligodendrocytes","0","brown",584,"PHIP",0.563,80
"T7","Oligodendrocytes","0","brown",584,"EHBP1",0.563,80
"T7","Oligodendrocytes","0","brown",584,"ZFYVE28",0.562,80
"T7","Oligodendrocytes","0","brown",584,"PCGF5",0.561,80
"T7","Oligodendrocytes","0","brown",584,"PMPCB",0.557,80
"T7","Oligodendrocytes","0","brown",584,"LHFPL3",0.552,79
"T7","Oligodendrocytes","0","brown",584,"SHROOM1",0.552,80
"T7","Oligodendrocytes","0","brown",584,"MAVS",0.551,79
"T7","Oligodendrocytes","0","brown",584,"ATXN1",0.551,79
"T7","Oligodendrocytes","0","brown",584,"HIST1H2AC",0.55,79
"T7","Oligodendrocytes","0","brown",584,"DNAJC1",0.55,79
"T7","Oligodendrocytes","0","brown",584,"MPP5",0.549,78
"T7","Oligodendrocytes","0","brown",584,"FAM13A",0.549,79
"T7","Oligodendrocytes","0","brown",584,"TMCC2",0.548,78
"T7","Oligodendrocytes","0","brown",584,"DNAJB1",0.548,78
"T7","Oligodendrocytes","0","brown",584,"GTF2F2",0.548,78
"T7","Oligodendrocytes","0","brown",584,"DHFR",0.544,78
"T7","Oligodendrocytes","0","brown",584,"CLEC16A",0.544,78
"T7","Oligodendrocytes","0","brown",584,"GPHN",0.543,77
"T7","Oligodendrocytes","0","brown",584,"SRPK2",0.542,77
"T7","Oligodendrocytes","0","brown",584,"ECE1",0.541,77
"T7","Oligodendrocytes","0","brown",584,"SFMBT2",0.54,77
"T7","Oligodendrocytes","0","brown",584,"MIR29B2CHG",0.532,76
"T7","Oligodendrocytes","0","brown",584,"MXI1",0.532,77
"T7","Oligodendrocytes","0","brown",584,"DCAF17",0.531,76
"T7","Oligodendrocytes","0","brown",584,"ZNF397",0.53,76
"T7","Oligodendrocytes","0","brown",584,"PRMT3",0.53,76
"T7","Oligodendrocytes","0","brown",584,"ARRB1",0.526,76
"T7","Oligodendrocytes","0","brown",584,"ALDH3A2",0.525,76
"T7","Oligodendrocytes","0","brown",584,"SPOCK1",0.523,75
"T7","Oligodendrocytes","0","brown",584,"SFXN5",0.523,75
"T7","Oligodendrocytes","0","brown",584,"C16orf45",0.522,75
"T7","Oligodendrocytes","0","brown",584,"TATDN1",0.521,75
"T7","Oligodendrocytes","0","brown",584,"TOB2",0.519,75
"T7","Oligodendrocytes","0","brown",584,"PUS7",0.519,75
"T7","Oligodendrocytes","0","brown",584,"BCKDHB",0.517,74
"T7","Oligodendrocytes","0","brown",584,"UBE2D3",0.516,74
"T7","Oligodendrocytes","0","brown",584,"ZDHHC20",0.515,74
"T7","Oligodendrocytes","0","brown",584,"FAM117B",0.514,74
"T7","Oligodendrocytes","0","brown",584,"ZCCHC8",0.513,74
"T7","Oligodendrocytes","0","brown",584,"SNX19",0.511,74
"T7","Oligodendrocytes","0","brown",584,"CYP20A1",0.509,73
"T7","Oligodendrocytes","0","brown",584,"AL449266.1",0.509,73
"T7","Oligodendrocytes","0","brown",584,"ATP11A",0.509,73
"T7","Oligodendrocytes","0","brown",584,"COQ8A",0.509,73
"T7","Oligodendrocytes","0","brown",584,"UBE2B",0.508,73
"T7","Oligodendrocytes","0","brown",584,"RAF1",0.504,72
"T7","Oligodendrocytes","0","brown",584,"AL359915.2",0.504,73
"T7","Oligodendrocytes","0","brown",584,"PTP4A2",0.503,72
"T7","Oligodendrocytes","0","brown",584,"YPEL2",0.502,72
"T7","Oligodendrocytes","0","brown",584,"EFR3B",0.501,72
"T7","Oligodendrocytes","0","brown",584,"FCHO1",0.5,72
"T7","Oligodendrocytes","0","brown",584,"TPCN1",0.499,71
"T7","Oligodendrocytes","0","brown",584,"SLC35E2B",0.499,71
"T7","Oligodendrocytes","0","brown",584,"KCTD3",0.499,72
"T7","Oligodendrocytes","0","brown",584,"ZNF75A",0.497,71
"T7","Oligodendrocytes","0","brown",584,"HSPA4",0.496,70
"T7","Oligodendrocytes","0","brown",584,"CALCOCO1",0.496,71
"T7","Oligodendrocytes","0","brown",584,"SASH1",0.496,71
"T7","Oligodendrocytes","0","brown",584,"LINC01004",0.493,70
"T7","Oligodendrocytes","0","brown",584,"L3MBTL4",0.492,70
"T7","Oligodendrocytes","0","brown",584,"CASTOR2",0.49,70
"T7","Oligodendrocytes","0","brown",584,"CNOT6L",0.489,70
"T7","Oligodendrocytes","0","brown",584,"FNDC3B",0.489,70
"T7","Oligodendrocytes","0","brown",584,"TFEB",0.487,69
"T7","Oligodendrocytes","0","brown",584,"AC025810.1",0.486,69
"T7","Oligodendrocytes","0","brown",584,"TMEM202-AS1",0.483,69
"T7","Oligodendrocytes","0","brown",584,"KMT5C",0.481,69
"T7","Oligodendrocytes","0","brown",584,"FDFT1",0.479,68
"T7","Oligodendrocytes","0","brown",584,"HACL1",0.479,69
"T7","Oligodendrocytes","0","brown",584,"MAP4K3",0.479,69
"T7","Oligodendrocytes","0","brown",584,"MINK1",0.478,68
"T7","Oligodendrocytes","0","brown",584,"FAM214A",0.476,68
"T7","Oligodendrocytes","0","brown",584,"PCID2",0.474,68
"T7","Oligodendrocytes","0","brown",584,"PPID",0.474,68
"T7","Oligodendrocytes","0","brown",584,"HSPD1",0.473,67
"T7","Oligodendrocytes","0","brown",584,"TRNAU1AP",0.473,68
"T7","Oligodendrocytes","0","brown",584,"TRIO",0.471,67
"T7","Oligodendrocytes","0","brown",584,"TCF7L2",0.471,67
"T7","Oligodendrocytes","0","brown",584,"ATG13",0.47,67
"T7","Oligodendrocytes","0","brown",584,"SIPA1L3",0.469,67
"T7","Oligodendrocytes","0","brown",584,"LINC00601",0.468,66
"T7","Oligodendrocytes","0","brown",584,"LRP2",0.468,67
"T7","Oligodendrocytes","0","brown",584,"TAF4",0.465,66
"T7","Oligodendrocytes","0","brown",584,"GCDH",0.462,66
"T7","Oligodendrocytes","0","brown",584,"CRBN",0.461,66
"T7","Oligodendrocytes","0","brown",584,"KHDRBS3",0.46,65
"T7","Oligodendrocytes","0","brown",584,"AC008124.1",0.46,65
"T7","Oligodendrocytes","0","brown",584,"GLUD1",0.46,66
"T7","Oligodendrocytes","0","brown",584,"EDA",0.46,66
"T7","Oligodendrocytes","0","brown",584,"KIF27",0.455,65
"T7","Oligodendrocytes","0","brown",584,"GTPBP6",0.455,65
"T7","Oligodendrocytes","0","brown",584,"ARMH4",0.454,65
"T7","Oligodendrocytes","0","brown",584,"C11orf49",0.449,64
"T7","Oligodendrocytes","0","brown",584,"AHCTF1",0.448,64
"T7","Oligodendrocytes","0","brown",584,"AC018797.2",0.448,64
"T7","Oligodendrocytes","0","brown",584,"H2AFV",0.447,64
"T7","Oligodendrocytes","0","brown",584,"PRUNE2",0.447,64
"T7","Oligodendrocytes","0","brown",584,"TRA2B",0.446,64
"T7","Oligodendrocytes","0","brown",584,"TSNARE1",0.444,63
"T7","Oligodendrocytes","0","brown",584,"CXXC4",0.442,63
"T7","Oligodendrocytes","0","brown",584,"ZNF891",0.44,63
"T7","Oligodendrocytes","0","brown",584,"FBXO34",0.44,63
"T7","Oligodendrocytes","0","brown",584,"LRCH2",0.439,63
"T7","Oligodendrocytes","0","brown",584,"ZXDC",0.438,63
"T7","Oligodendrocytes","0","brown",584,"HIBCH",0.437,62
"T7","Oligodendrocytes","0","brown",584,"SNX27",0.435,62
"T7","Oligodendrocytes","0","brown",584,"ATF1",0.434,62
"T7","Oligodendrocytes","0","brown",584,"MIRLET7BHG",0.434,62
"T7","Oligodendrocytes","0","brown",584,"WWP1",0.434,62
"T7","Oligodendrocytes","0","brown",584,"PACRG",0.432,61
"T7","Oligodendrocytes","0","brown",584,"ABCA8",0.432,62
"T7","Oligodendrocytes","0","brown",584,"ELF2",0.431,61
"T7","Oligodendrocytes","0","brown",584,"ZNF420",0.431,61
"T7","Oligodendrocytes","0","brown",584,"APBA2",0.43,61
"T7","Oligodendrocytes","0","brown",584,"BCO2",0.429,61
"T7","Oligodendrocytes","0","brown",584,"ORC4",0.429,61
"T7","Oligodendrocytes","0","brown",584,"ITGB3BP",0.428,60
"T7","Oligodendrocytes","0","brown",584,"ZNF791",0.427,60
"T7","Oligodendrocytes","0","brown",584,"LGR5",0.427,60
"T7","Oligodendrocytes","0","brown",584,"GALK2",0.425,60
"T7","Oligodendrocytes","0","brown",584,"CXorf36",0.424,60
"T7","Oligodendrocytes","0","brown",584,"MRPS31",0.423,60
"T7","Oligodendrocytes","0","brown",584,"HCG17",0.422,59
"T7","Oligodendrocytes","0","brown",584,"PDPK1",0.421,59
"T7","Oligodendrocytes","0","brown",584,"IFT172",0.421,59
"T7","Oligodendrocytes","0","brown",584,"CEP128",0.421,59
"T7","Oligodendrocytes","0","brown",584,"SPATS2",0.419,58
"T7","Oligodendrocytes","0","brown",584,"TMEM184C",0.419,59
"T7","Oligodendrocytes","0","brown",584,"WDR33",0.418,58
"T7","Oligodendrocytes","0","brown",584,"RAB30",0.414,58
"T7","Oligodendrocytes","0","brown",584,"NCOA1",0.414,58
"T7","Oligodendrocytes","0","brown",584,"FAM193A",0.411,58
"T7","Oligodendrocytes","0","brown",584,"ARID4B",0.41,58
"T7","Oligodendrocytes","0","brown",584,"OFD1",0.408,57
"T7","Oligodendrocytes","0","brown",584,"NEMF",0.407,57
"T7","Oligodendrocytes","0","brown",584,"NEK4",0.407,57
"T7","Oligodendrocytes","0","brown",584,"ZC3H7A",0.406,57
"T7","Oligodendrocytes","0","brown",584,"GPR137B",0.405,57
"T7","Oligodendrocytes","0","brown",584,"IRF2",0.405,57
"T7","Oligodendrocytes","0","brown",584,"PHF19",0.404,56
"T7","Oligodendrocytes","0","brown",584,"LRRC37B",0.404,56
"T7","Oligodendrocytes","0","brown",584,"ERO1B",0.403,56
"T7","Oligodendrocytes","0","brown",584,"TPD52",0.403,56
"T7","Oligodendrocytes","0","brown",584,"NTRK2",0.402,56
"T7","Oligodendrocytes","0","brown",584,"EIF2S3",0.401,56
"T7","Oligodendrocytes","0","brown",584,"NDE1",0.4,55
"T7","Oligodendrocytes","0","brown",584,"LRRC58",0.399,55
"T7","Oligodendrocytes","0","brown",584,"RBM33",0.398,55
"T7","Oligodendrocytes","0","brown",584,"EFCAB7",0.397,55
"T7","Oligodendrocytes","0","brown",584,"NPTX2",0.396,55
"T7","Oligodendrocytes","0","brown",584,"VPS37A",0.396,55
"T7","Oligodendrocytes","0","brown",584,"DNASE1",0.395,54
"T7","Oligodendrocytes","0","brown",584,"CEP70",0.395,54
"T7","Oligodendrocytes","0","brown",584,"SLC6A8",0.395,54
"T7","Oligodendrocytes","0","brown",584,"CCAR1",0.394,54
"T7","Oligodendrocytes","0","brown",584,"FP236383.1",0.393,54
"T7","Oligodendrocytes","0","brown",584,"KMT2C",0.393,54
"T7","Oligodendrocytes","0","brown",584,"CSPP1",0.392,53
"T7","Oligodendrocytes","0","brown",584,"STAT5B",0.39,53
"T7","Oligodendrocytes","0","brown",584,"FP671120.1",0.389,53
"T7","Oligodendrocytes","0","brown",584,"SSFA2",0.388,52
"T7","Oligodendrocytes","0","brown",584,"IRAK1BP1",0.388,53
"T7","Oligodendrocytes","0","brown",584,"PTCH1",0.388,53
"T7","Oligodendrocytes","0","brown",584,"TMPO",0.386,52
"T7","Oligodendrocytes","0","brown",584,"GTF2IRD2B",0.383,52
"T7","Oligodendrocytes","0","brown",584,"SEC14L1",0.381,51
"T7","Oligodendrocytes","0","brown",584,"ZNF345",0.381,52
"T7","Oligodendrocytes","0","brown",584,"ANKS1A",0.381,52
"T7","Oligodendrocytes","0","brown",584,"MICAL3",0.381,52
"T7","Oligodendrocytes","0","brown",584,"ANKRD23",0.38,51
"T7","Oligodendrocytes","0","brown",584,"PPP2R5A",0.379,51
"T7","Oligodendrocytes","0","brown",584,"MGA",0.379,51
"T7","Oligodendrocytes","0","brown",584,"LYST",0.378,51
"T7","Oligodendrocytes","0","brown",584,"NUDT9",0.377,51
"T7","Oligodendrocytes","0","brown",584,"GIT2",0.375,50
"T7","Oligodendrocytes","0","brown",584,"ZNF761",0.375,50
"T7","Oligodendrocytes","0","brown",584,"KAZN",0.374,50
"T7","Oligodendrocytes","0","brown",584,"ACVR2B",0.374,50
"T7","Oligodendrocytes","0","brown",584,"AC100801.1",0.372,50
"T7","Oligodendrocytes","0","brown",584,"RAB31",0.372,50
"T7","Oligodendrocytes","0","brown",584,"HAVCR2",0.37,49
"T7","Oligodendrocytes","0","brown",584,"SORCS2",0.37,49
"T7","Oligodendrocytes","0","brown",584,"WDR6",0.366,49
"T7","Oligodendrocytes","0","brown",584,"TRPM3",0.366,49
"T7","Oligodendrocytes","0","brown",584,"IKZF5",0.365,49
"T7","Oligodendrocytes","0","brown",584,"SKI",0.365,49
"T7","Oligodendrocytes","0","brown",584,"TRAF6",0.363,48
"T7","Oligodendrocytes","0","brown",584,"DLG5",0.362,48
"T7","Oligodendrocytes","0","brown",584,"RNF114",0.361,48
"T7","Oligodendrocytes","0","brown",584,"LPIN1",0.361,48
"T7","Oligodendrocytes","0","brown",584,"ING5",0.361,48
"T7","Oligodendrocytes","0","brown",584,"LBR",0.359,47
"T7","Oligodendrocytes","0","brown",584,"ARL17A",0.359,47
"T7","Oligodendrocytes","0","brown",584,"ABHD5",0.358,47
"T7","Oligodendrocytes","0","brown",584,"HSPA4L",0.357,47
"T7","Oligodendrocytes","0","brown",584,"ARL5A",0.357,47
"T7","Oligodendrocytes","0","brown",584,"SOS1",0.355,46
"T7","Oligodendrocytes","0","brown",584,"RANBP3",0.355,46
"T7","Oligodendrocytes","0","brown",584,"CNOT1",0.355,46
"T7","Oligodendrocytes","0","brown",584,"ZER1",0.355,47
"T7","Oligodendrocytes","0","brown",584,"MCPH1",0.354,46
"T7","Oligodendrocytes","0","brown",584,"JADE1",0.353,46
"T7","Oligodendrocytes","0","brown",584,"SRPK1",0.353,46
"T7","Oligodendrocytes","0","brown",584,"ENOX1",0.352,45
"T7","Oligodendrocytes","0","brown",584,"ACSS1",0.352,45
"T7","Oligodendrocytes","0","brown",584,"MYLK-AS1",0.352,45
"T7","Oligodendrocytes","0","brown",584,"ZMYM2",0.352,45
"T7","Oligodendrocytes","0","brown",584,"MFGE8",0.351,45
"T7","Oligodendrocytes","0","brown",584,"MLLT6",0.35,45
"T7","Oligodendrocytes","0","brown",584,"PAN2",0.349,44
"T7","Oligodendrocytes","0","brown",584,"ABAT",0.349,44
"T7","Oligodendrocytes","0","brown",584,"GON4L",0.349,44
"T7","Oligodendrocytes","0","brown",584,"AC092691.1",0.347,44
"T7","Oligodendrocytes","0","brown",584,"NFXL1",0.346,44
"T7","Oligodendrocytes","0","brown",584,"AL157392.5",0.344,43
"T7","Oligodendrocytes","0","brown",584,"ZFYVE1",0.344,43
"T7","Oligodendrocytes","0","brown",584,"PRKRA",0.344,44
"T7","Oligodendrocytes","0","brown",584,"AL035413.1",0.343,43
"T7","Oligodendrocytes","0","brown",584,"PFKFB3",0.339,43
"T7","Oligodendrocytes","0","brown",584,"ZNF224",0.337,43
"T7","Oligodendrocytes","0","brown",584,"SLC25A53",0.337,43
"T7","Oligodendrocytes","0","brown",584,"PDE1A",0.336,42
"T7","Oligodendrocytes","0","brown",584,"IKBKB",0.336,42
"T7","Oligodendrocytes","0","brown",584,"NAE1",0.336,42
"T7","Oligodendrocytes","0","brown",584,"AL512625.3",0.336,42
"T7","Oligodendrocytes","0","brown",584,"HDAC3",0.335,41
"T7","Oligodendrocytes","0","brown",584,"MARS",0.335,42
"T7","Oligodendrocytes","0","brown",584,"GLG1",0.333,41
"T7","Oligodendrocytes","0","brown",584,"ACIN1",0.333,41
"T7","Oligodendrocytes","0","brown",584,"CAPN2",0.332,41
"T7","Oligodendrocytes","0","brown",584,"ABCD4",0.332,41
"T7","Oligodendrocytes","0","brown",584,"CALN1",0.33,40
"T7","Oligodendrocytes","0","brown",584,"RNF10",0.33,41
"T7","Oligodendrocytes","0","brown",584,"HNRNPLL",0.329,39
"T7","Oligodendrocytes","0","brown",584,"OXNAD1",0.329,39
"T7","Oligodendrocytes","0","brown",584,"ARHGEF37",0.329,39
"T7","Oligodendrocytes","0","brown",584,"ZNF431",0.329,39
"T7","Oligodendrocytes","0","brown",584,"AK3",0.329,40
"T7","Oligodendrocytes","0","brown",584,"FAM85B",0.329,40
"T7","Oligodendrocytes","0","brown",584,"ULK1",0.329,40
"T7","Oligodendrocytes","0","brown",584,"TCOF1",0.329,40
"T7","Oligodendrocytes","0","brown",584,"EED",0.329,40
"T7","Oligodendrocytes","0","brown",584,"AFDN",0.327,39
"T7","Oligodendrocytes","0","brown",584,"CPSF7",0.325,39
"T7","Oligodendrocytes","0","brown",584,"NIPAL3",0.324,38
"T7","Oligodendrocytes","0","brown",584,"CRY1",0.324,38
"T7","Oligodendrocytes","0","brown",584,"PDE6D",0.323,38
"T7","Oligodendrocytes","0","brown",584,"RARS",0.321,38
"T7","Oligodendrocytes","0","brown",584,"PTCD3",0.319,38
"T7","Oligodendrocytes","0","brown",584,"SAV1",0.319,38
"T7","Oligodendrocytes","0","brown",584,"C15orf41",0.318,37
"T7","Oligodendrocytes","0","brown",584,"MRPS9",0.317,37
"T7","Oligodendrocytes","0","brown",584,"ELMOD2",0.315,37
"T7","Oligodendrocytes","0","brown",584,"EIF2AK4",0.314,37
"T7","Oligodendrocytes","0","brown",584,"ARHGAP21",0.313,37
"T7","Oligodendrocytes","0","brown",584,"PSTK",0.312,36
"T7","Oligodendrocytes","0","brown",584,"BARD1",0.312,36
"T7","Oligodendrocytes","0","brown",584,"SSBP3",0.312,37
"T7","Oligodendrocytes","0","brown",584,"GAK",0.311,36
"T7","Oligodendrocytes","0","brown",584,"GCA",0.31,36
"T7","Oligodendrocytes","0","brown",584,"SHMT1",0.309,35
"T7","Oligodendrocytes","0","brown",584,"RBM12B",0.309,36
"T7","Oligodendrocytes","0","brown",584,"CTIF",0.308,35
"T7","Oligodendrocytes","0","brown",584,"RAB40B",0.308,35
"T7","Oligodendrocytes","0","brown",584,"PHF20",0.308,35
"T7","Oligodendrocytes","0","brown",584,"NUP88",0.307,34
"T7","Oligodendrocytes","0","brown",584,"BNIP2",0.307,35
"T7","Oligodendrocytes","0","brown",584,"DYM",0.307,35
"T7","Oligodendrocytes","0","brown",584,"ZFAND3",0.306,34
"T7","Oligodendrocytes","0","brown",584,"ATP6V0D2",0.305,34
"T7","Oligodendrocytes","0","brown",584,"BBIP1",0.305,34
"T7","Oligodendrocytes","0","brown",584,"AGAP9",0.305,34
"T7","Oligodendrocytes","0","brown",584,"PI4KA",0.304,33
"T7","Oligodendrocytes","0","brown",584,"ZNF483",0.304,33
"T7","Oligodendrocytes","0","brown",584,"CEP85",0.304,34
"T7","Oligodendrocytes","0","brown",584,"NPIPB5",0.302,33
"T7","Oligodendrocytes","0","brown",584,"NRIP1",0.302,33
"T7","Oligodendrocytes","0","brown",584,"AGAP6",0.3,33
"T7","Oligodendrocytes","0","brown",584,"B3GAT1",0.296,32
"T7","Oligodendrocytes","0","brown",584,"GGA2",0.296,32
"T7","Oligodendrocytes","0","brown",584,"PKD1",0.296,33
"T7","Oligodendrocytes","0","brown",584,"PAXIP1",0.295,32
"T7","Oligodendrocytes","0","brown",584,"CENPC",0.294,32
"T7","Oligodendrocytes","0","brown",584,"LTBP3",0.293,32
"T7","Oligodendrocytes","0","brown",584,"ERI3",0.292,32
"T7","Oligodendrocytes","0","brown",584,"KLF13",0.291,31
"T7","Oligodendrocytes","0","brown",584,"TLN2",0.289,31
"T7","Oligodendrocytes","0","brown",584,"POM121C",0.289,31
"T7","Oligodendrocytes","0","brown",584,"ACAD10",0.288,31
"T7","Oligodendrocytes","0","brown",584,"ZNF638",0.287,31
"T7","Oligodendrocytes","0","brown",584,"PRKDC",0.287,31
"T7","Oligodendrocytes","0","brown",584,"ZFP14",0.286,30
"T7","Oligodendrocytes","0","brown",584,"SLC17A5",0.286,30
"T7","Oligodendrocytes","0","brown",584,"HNRNPH1",0.285,30
"T7","Oligodendrocytes","0","brown",584,"ZNF594",0.285,30
"T7","Oligodendrocytes","0","brown",584,"ZNF562",0.285,30
"T7","Oligodendrocytes","0","brown",584,"SLC7A6OS",0.284,29
"T7","Oligodendrocytes","0","brown",584,"RBM19",0.284,29
"T7","Oligodendrocytes","0","brown",584,"OLMALINC",0.283,29
"T7","Oligodendrocytes","0","brown",584,"AGAP3",0.283,29
"T7","Oligodendrocytes","0","brown",584,"ARFGAP3",0.281,28
"T7","Oligodendrocytes","0","brown",584,"DCAF1",0.281,29
"T7","Oligodendrocytes","0","brown",584,"PGS1",0.281,29
"T7","Oligodendrocytes","0","brown",584,"RFXAP",0.28,28
"T7","Oligodendrocytes","0","brown",584,"BSDC1",0.279,28
"T7","Oligodendrocytes","0","brown",584,"MTRNR2L8",0.279,28
"T7","Oligodendrocytes","0","brown",584,"NOL8",0.278,28
"T7","Oligodendrocytes","0","brown",584,"SRFBP1",0.277,27
"T7","Oligodendrocytes","0","brown",584,"UGDH-AS1",0.277,28
"T7","Oligodendrocytes","0","brown",584,"HERPUD2",0.276,27
"T7","Oligodendrocytes","0","brown",584,"FGD4",0.276,27
"T7","Oligodendrocytes","0","brown",584,"CTBS",0.275,27
"T7","Oligodendrocytes","0","brown",584,"KIAA0556",0.275,27
"T7","Oligodendrocytes","0","brown",584,"TRIM24",0.275,27
"T7","Oligodendrocytes","0","brown",584,"SMARCC2",0.274,26
"T7","Oligodendrocytes","0","brown",584,"DHRSX",0.274,26
"T7","Oligodendrocytes","0","brown",584,"AC084032.1",0.274,26
"T7","Oligodendrocytes","0","brown",584,"MAPK1IP1L",0.272,26
"T7","Oligodendrocytes","0","brown",584,"PPP6R1",0.271,26
"T7","Oligodendrocytes","0","brown",584,"AATF",0.271,26
"T7","Oligodendrocytes","0","brown",584,"GDPD1",0.27,25
"T7","Oligodendrocytes","0","brown",584,"PUM3",0.27,25
"T7","Oligodendrocytes","0","brown",584,"PRPF40A",0.268,25
"T7","Oligodendrocytes","0","brown",584,"FRG1-DT",0.268,25
"T7","Oligodendrocytes","0","brown",584,"TRIM62",0.266,25
"T7","Oligodendrocytes","0","brown",584,"GFM2",0.265,25
"T7","Oligodendrocytes","0","brown",584,"DPP6",0.262,24
"T7","Oligodendrocytes","0","brown",584,"CCNK",0.26,24
"T7","Oligodendrocytes","0","brown",584,"DPP9",0.26,24
"T7","Oligodendrocytes","0","brown",584,"RNPC3",0.259,24
"T7","Oligodendrocytes","0","brown",584,"HIVEP1",0.257,24
"T7","Oligodendrocytes","0","brown",584,"FOXK2",0.256,23
"T7","Oligodendrocytes","0","brown",584,"HPN-AS1",0.255,23
"T7","Oligodendrocytes","0","brown",584,"ASH1L",0.255,23
"T7","Oligodendrocytes","0","brown",584,"SAFB",0.252,23
"T7","Oligodendrocytes","0","brown",584,"NADSYN1",0.252,23
"T7","Oligodendrocytes","0","brown",584,"DNMT3A",0.25,23
"T7","Oligodendrocytes","0","brown",584,"KMT2D",0.249,22
"T7","Oligodendrocytes","0","brown",584,"RTF2",0.249,22
"T7","Oligodendrocytes","0","brown",584,"FAM182B",0.248,22
"T7","Oligodendrocytes","0","brown",584,"AL596220.1",0.248,22
"T7","Oligodendrocytes","0","brown",584,"RUBCN",0.247,22
"T7","Oligodendrocytes","0","brown",584,"MIER1",0.247,22
"T7","Oligodendrocytes","0","brown",584,"SNRNP200",0.246,21
"T7","Oligodendrocytes","0","brown",584,"ACVR1",0.244,21
"T7","Oligodendrocytes","0","brown",584,"AC006978.2",0.244,21
"T7","Oligodendrocytes","0","brown",584,"NRG3",0.244,21
"T7","Oligodendrocytes","0","brown",584,"CPNE2",0.243,21
"T7","Oligodendrocytes","0","brown",584,"YTHDC1",0.242,20
"T7","Oligodendrocytes","0","brown",584,"RUFY3",0.242,21
"T7","Oligodendrocytes","0","brown",584,"SELENOO",0.239,20
"T7","Oligodendrocytes","0","brown",584,"MARK4",0.236,20
"T7","Oligodendrocytes","0","brown",584,"LINC00476",0.236,20
"T7","Oligodendrocytes","0","brown",584,"LRRC37A2",0.234,20
"T7","Oligodendrocytes","0","brown",584,"KDM4B",0.232,19
"T7","Oligodendrocytes","0","brown",584,"ILF3",0.232,19
"T7","Oligodendrocytes","0","brown",584,"GGA3",0.232,19
"T7","Oligodendrocytes","0","brown",584,"DAP3",0.232,20
"T7","Oligodendrocytes","0","brown",584,"COG4",0.231,19
"T7","Oligodendrocytes","0","brown",584,"TMEM184B",0.23,19
"T7","Oligodendrocytes","0","brown",584,"TTC33",0.229,19
"T7","Oligodendrocytes","0","brown",584,"MTERF4",0.226,18
"T7","Oligodendrocytes","0","brown",584,"SETD7",0.225,18
"T7","Oligodendrocytes","0","brown",584,"FAM185A",0.225,18
"T7","Oligodendrocytes","0","brown",584,"ZNF568",0.225,18
"T7","Oligodendrocytes","0","brown",584,"ZNF398",0.224,17
"T7","Oligodendrocytes","0","brown",584,"IST1",0.224,18
"T7","Oligodendrocytes","0","brown",584,"ZNF83",0.222,17
"T7","Oligodendrocytes","0","brown",584,"PCBP2",0.222,17
"T7","Oligodendrocytes","0","brown",584,"ZFP30",0.221,17
"T7","Oligodendrocytes","0","brown",584,"CEP295",0.221,17
"T7","Oligodendrocytes","0","brown",584,"ZNF737",0.221,17
"T7","Oligodendrocytes","0","brown",584,"SNW1",0.22,16
"T7","Oligodendrocytes","0","brown",584,"PRELID2",0.22,16
"T7","Oligodendrocytes","0","brown",584,"COG3",0.22,16
"T7","Oligodendrocytes","0","brown",584,"IWS1",0.219,16
"T7","Oligodendrocytes","0","brown",584,"KIAA0100",0.217,16
"T7","Oligodendrocytes","0","brown",584,"CC2D1A",0.214,15
"T7","Oligodendrocytes","0","brown",584,"PPIG",0.214,16
"T7","Oligodendrocytes","0","brown",584,"SLC37A3",0.213,15
"T7","Oligodendrocytes","0","brown",584,"INTS11",0.211,15
"T7","Oligodendrocytes","0","brown",584,"XRN2",0.211,15
"T7","Oligodendrocytes","0","brown",584,"EXOSC1",0.211,15
"T7","Oligodendrocytes","0","brown",584,"SMG5",0.21,15
"T7","Oligodendrocytes","0","brown",584,"WDR73",0.209,14
"T7","Oligodendrocytes","0","brown",584,"CUL4A",0.208,14
"T7","Oligodendrocytes","0","brown",584,"SDAD1",0.207,14
"T7","Oligodendrocytes","0","brown",584,"HSD17B7",0.206,14
"T7","Oligodendrocytes","0","brown",584,"IDE",0.205,14
"T7","Oligodendrocytes","0","brown",584,"LRRC37A3",0.202,13
"T7","Oligodendrocytes","0","brown",584,"RNF130",0.202,14
"T7","Oligodendrocytes","0","brown",584,"NT5C3A",0.2,13
"T7","Oligodendrocytes","0","brown",584,"STK40",0.199,13
"T7","Oligodendrocytes","0","brown",584,"FASTKD1",0.199,13
"T7","Oligodendrocytes","0","brown",584,"GABPB1",0.199,13
"T7","Oligodendrocytes","0","brown",584,"HMGXB4",0.198,12
"T7","Oligodendrocytes","0","brown",584,"C5orf51",0.198,13
"T7","Oligodendrocytes","0","brown",584,"NCKAP5L",0.197,12
"T7","Oligodendrocytes","0","brown",584,"MLLT1",0.195,12
"T7","Oligodendrocytes","0","brown",584,"ERGIC2",0.194,12
"T7","Oligodendrocytes","0","brown",584,"KDM4C",0.193,11
"T7","Oligodendrocytes","0","brown",584,"EIF3E",0.193,12
"T7","Oligodendrocytes","0","brown",584,"WHAMM",0.192,11
"T7","Oligodendrocytes","0","brown",584,"RNF157",0.191,11
"T7","Oligodendrocytes","0","brown",584,"UBE2D1",0.186,11
"T7","Oligodendrocytes","0","brown",584,"CARS2",0.184,11
"T7","Oligodendrocytes","0","brown",584,"MAD1L1",0.179,11
"T7","Oligodendrocytes","0","brown",584,"DNAJC21",0.177,10
"T7","Oligodendrocytes","0","brown",584,"SRGAP2C",0.176,10
"T7","Oligodendrocytes","0","brown",584,"ZNF782",0.173,10
"T7","Oligodendrocytes","0","brown",584,"AC009403.1",0.17,10
"T7","Oligodendrocytes","0","brown",584,"JAK1",0.169,10
"T7","Oligodendrocytes","0","brown",584,"ZNF331",0.167,10
"T7","Oligodendrocytes","0","brown",584,"GALNT7",0.165,9
"T7","Oligodendrocytes","0","brown",584,"SOX5",0.163,9
"T7","Oligodendrocytes","0","brown",584,"MARCH5",0.162,9
"T7","Oligodendrocytes","0","brown",584,"ZNF571",0.159,9
"T7","Oligodendrocytes","0","brown",584,"STRBP",0.159,9
"T7","Oligodendrocytes","0","brown",584,"METTL8",0.159,9
"T7","Oligodendrocytes","0","brown",584,"ELAVL1",0.158,8
"T7","Oligodendrocytes","0","brown",584,"MAP3K7",0.157,8
"T7","Oligodendrocytes","0","brown",584,"ZNF155",0.157,8
"T7","Oligodendrocytes","0","brown",584,"UTP18",0.157,8
"T7","Oligodendrocytes","0","brown",584,"CCNT1",0.156,8
"T7","Oligodendrocytes","0","brown",584,"CALCOCO2",0.155,8
"T7","Oligodendrocytes","0","brown",584,"RBBP4",0.154,7
"T7","Oligodendrocytes","0","brown",584,"VPS36",0.154,7
"T7","Oligodendrocytes","0","brown",584,"CDC37L1",0.153,7
"T7","Oligodendrocytes","0","brown",584,"CDKL3",0.153,7
"T7","Oligodendrocytes","0","brown",584,"AC079447.1",0.153,7
"T7","Oligodendrocytes","0","brown",584,"AL669831.5",0.152,7
"T7","Oligodendrocytes","0","brown",584,"AC010615.4",0.148,6
"T7","Oligodendrocytes","0","brown",584,"DOT1L",0.147,6
"T7","Oligodendrocytes","0","brown",584,"IFT20",0.143,6
"T7","Oligodendrocytes","0","brown",584,"LYRM4",0.142,6
"T7","Oligodendrocytes","0","brown",584,"USP36",0.142,6
"T7","Oligodendrocytes","0","brown",584,"LINC00685",0.138,5
"T7","Oligodendrocytes","0","brown",584,"MALSU1",0.137,5
"T7","Oligodendrocytes","0","brown",584,"DCUN1D1",0.136,5
"T7","Oligodendrocytes","0","brown",584,"CYB5D2",0.135,5
"T7","Oligodendrocytes","0","brown",584,"OTUD6B",0.134,5
"T7","Oligodendrocytes","0","brown",584,"GTPBP10",0.134,5
"T7","Oligodendrocytes","0","brown",584,"BRSK2",0.13,4
"T7","Oligodendrocytes","0","brown",584,"KDM1B",0.13,4
"T7","Oligodendrocytes","0","brown",584,"ODR4",0.129,4
"T7","Oligodendrocytes","0","brown",584,"EIF2A",0.128,4
"T7","Oligodendrocytes","0","brown",584,"AL138752.2",0.125,4
"T7","Oligodendrocytes","0","brown",584,"ZFAND4",0.124,3
"T7","Oligodendrocytes","0","brown",584,"TXNDC11",0.124,4
"T7","Oligodendrocytes","0","brown",584,"SFT2D2",0.123,3
"T7","Oligodendrocytes","0","brown",584,"ZNRF1",0.118,3
"T7","Oligodendrocytes","0","brown",584,"DRG1",0.116,3
"T7","Oligodendrocytes","0","brown",584,"CEP126",0.113,3
"T7","Oligodendrocytes","0","brown",584,"FLYWCH1",0.109,2
"T7","Oligodendrocytes","0","brown",584,"ANKRD16",0.109,3
"T7","Oligodendrocytes","0","brown",584,"SORD",0.107,2
"T7","Oligodendrocytes","0","brown",584,"RCC1L",0.102,2
"T7","Oligodendrocytes","0","brown",584,"HAT1",0.093,2
"T7","Oligodendrocytes","0","brown",584,"ZNF592",0.091,2
"T7","Oligodendrocytes","0","brown",584,"AASDH",0.089,2
"T7","Oligodendrocytes","0","brown",584,"FRA10AC1",0.088,1
"T7","Oligodendrocytes","0","brown",584,"OS9",0.082,1
"T7","Oligodendrocytes","0","brown",584,"TTF1",0.079,1
"T7","Oligodendrocytes","0","brown",584,"MAP4K4",0.072,1
"T7","Oligodendrocytes","0","brown",584,"ZC3H8",0.071,1
"T7","Oligodendrocytes","0","brown",584,"KLHL9",0.043,0
"T7","Oligodendrocytes","0","blue",703,"FTH1",0.968,100
"T7","Oligodendrocytes","0","blue",703,"RABAC1",0.947,100
"T7","Oligodendrocytes","0","blue",703,"GSTP1",0.946,100
"T7","Oligodendrocytes","0","blue",703,"RPL28",0.944,100
"T7","Oligodendrocytes","0","blue",703,"NDUFS7",0.943,100
"T7","Oligodendrocytes","0","blue",703,"SERF2",0.942,100
"T7","Oligodendrocytes","0","blue",703,"PPIB",0.94,100
"T7","Oligodendrocytes","0","blue",703,"ATP5ME",0.933,99
"T7","Oligodendrocytes","0","blue",703,"COX5B",0.933,100
"T7","Oligodendrocytes","0","blue",703,"TBCB",0.932,99
"T7","Oligodendrocytes","0","blue",703,"FKBP2",0.929,99
"T7","Oligodendrocytes","0","blue",703,"TMA7",0.928,99
"T7","Oligodendrocytes","0","blue",703,"ATP5MC2",0.927,99
"T7","Oligodendrocytes","0","blue",703,"ELOB",0.926,99
"T7","Oligodendrocytes","0","blue",703,"FTL",0.925,99
"T7","Oligodendrocytes","0","blue",703,"RPS2",0.921,98
"T7","Oligodendrocytes","0","blue",703,"RPL8",0.92,98
"T7","Oligodendrocytes","0","blue",703,"NDUFB2",0.919,98
"T7","Oligodendrocytes","0","blue",703,"C4orf48",0.918,98
"T7","Oligodendrocytes","0","blue",703,"RPS11",0.916,98
"T7","Oligodendrocytes","0","blue",703,"RPS15",0.915,98
"T7","Oligodendrocytes","0","blue",703,"CRYAB",0.914,98
"T7","Oligodendrocytes","0","blue",703,"RPL19",0.912,97
"T7","Oligodendrocytes","0","blue",703,"FEZ1",0.909,97
"T7","Oligodendrocytes","0","blue",703,"RPLP1",0.909,97
"T7","Oligodendrocytes","0","blue",703,"RACK1",0.907,97
"T7","Oligodendrocytes","0","blue",703,"RPL7A",0.905,97
"T7","Oligodendrocytes","0","blue",703,"RPL3",0.904,97
"T7","Oligodendrocytes","0","blue",703,"UBA52",0.903,97
"T7","Oligodendrocytes","0","blue",703,"ATP5F1D",0.902,96
"T7","Oligodendrocytes","0","blue",703,"RPL13A",0.902,96
"T7","Oligodendrocytes","0","blue",703,"SELENOM",0.902,96
"T7","Oligodendrocytes","0","blue",703,"RPL10",0.902,96
"T7","Oligodendrocytes","0","blue",703,"GUK1",0.901,96
"T7","Oligodendrocytes","0","blue",703,"RPS8",0.901,96
"T7","Oligodendrocytes","0","blue",703,"RPL11",0.901,96
"T7","Oligodendrocytes","0","blue",703,"FAU",0.9,95
"T7","Oligodendrocytes","0","blue",703,"RPSA",0.9,95
"T7","Oligodendrocytes","0","blue",703,"CSTB",0.899,95
"T7","Oligodendrocytes","0","blue",703,"GJC2",0.898,95
"T7","Oligodendrocytes","0","blue",703,"RPLP2",0.897,95
"T7","Oligodendrocytes","0","blue",703,"PRDX5",0.896,95
"T7","Oligodendrocytes","0","blue",703,"PTMA",0.894,94
"T7","Oligodendrocytes","0","blue",703,"ATP5F1E",0.894,95
"T7","Oligodendrocytes","0","blue",703,"PFDN2",0.893,94
"T7","Oligodendrocytes","0","blue",703,"RPS5",0.893,94
"T7","Oligodendrocytes","0","blue",703,"DDRGK1",0.893,94
"T7","Oligodendrocytes","0","blue",703,"COPE",0.892,94
"T7","Oligodendrocytes","0","blue",703,"RPS16",0.891,93
"T7","Oligodendrocytes","0","blue",703,"RPS29",0.891,93
"T7","Oligodendrocytes","0","blue",703,"FIS1",0.891,94
"T7","Oligodendrocytes","0","blue",703,"RPL38",0.891,94
"T7","Oligodendrocytes","0","blue",703,"NME3",0.89,93
"T7","Oligodendrocytes","0","blue",703,"CD63",0.89,93
"T7","Oligodendrocytes","0","blue",703,"RPL41",0.888,93
"T7","Oligodendrocytes","0","blue",703,"TXNRD1",0.887,93
"T7","Oligodendrocytes","0","blue",703,"GPX4",0.887,93
"T7","Oligodendrocytes","0","blue",703,"RPL35",0.886,92
"T7","Oligodendrocytes","0","blue",703,"COPS9",0.886,92
"T7","Oligodendrocytes","0","blue",703,"PFDN5",0.885,92
"T7","Oligodendrocytes","0","blue",703,"RPS25",0.884,92
"T7","Oligodendrocytes","0","blue",703,"RPS28",0.883,92
"T7","Oligodendrocytes","0","blue",703,"RPS12",0.882,92
"T7","Oligodendrocytes","0","blue",703,"NDUFB10",0.88,91
"T7","Oligodendrocytes","0","blue",703,"ATP6V0B",0.88,91
"T7","Oligodendrocytes","0","blue",703,"RPL35A",0.88,91
"T7","Oligodendrocytes","0","blue",703,"RPL29",0.88,91
"T7","Oligodendrocytes","0","blue",703,"RPL18",0.88,91
"T7","Oligodendrocytes","0","blue",703,"DRAP1",0.88,92
"T7","Oligodendrocytes","0","blue",703,"TALDO1",0.879,91
"T7","Oligodendrocytes","0","blue",703,"ETFB",0.879,91
"T7","Oligodendrocytes","0","blue",703,"RPL14",0.878,90
"T7","Oligodendrocytes","0","blue",703,"MRPL41",0.877,90
"T7","Oligodendrocytes","0","blue",703,"RBX1",0.877,90
"T7","Oligodendrocytes","0","blue",703,"NDUFS6",0.876,90
"T7","Oligodendrocytes","0","blue",703,"MGST3",0.875,90
"T7","Oligodendrocytes","0","blue",703,"RPS14",0.874,90
"T7","Oligodendrocytes","0","blue",703,"EDF1",0.873,90
"T7","Oligodendrocytes","0","blue",703,"NDUFS5",0.872,89
"T7","Oligodendrocytes","0","blue",703,"RPS19",0.872,89
"T7","Oligodendrocytes","0","blue",703,"EIF2S2",0.871,89
"T7","Oligodendrocytes","0","blue",703,"COX7A2",0.869,89
"T7","Oligodendrocytes","0","blue",703,"NDUFB9",0.868,89
"T7","Oligodendrocytes","0","blue",703,"PRDX1",0.866,89
"T7","Oligodendrocytes","0","blue",703,"BTF3",0.865,88
"T7","Oligodendrocytes","0","blue",703,"MZT2B",0.865,89
"T7","Oligodendrocytes","0","blue",703,"KLK6",0.864,88
"T7","Oligodendrocytes","0","blue",703,"USP39",0.864,88
"T7","Oligodendrocytes","0","blue",703,"SELENOS",0.862,88
"T7","Oligodendrocytes","0","blue",703,"RPS3",0.862,88
"T7","Oligodendrocytes","0","blue",703,"TECR",0.861,87
"T7","Oligodendrocytes","0","blue",703,"MYL6",0.861,88
"T7","Oligodendrocytes","0","blue",703,"MT2A",0.861,88
"T7","Oligodendrocytes","0","blue",703,"NDUFB7",0.86,87
"T7","Oligodendrocytes","0","blue",703,"SSNA1",0.86,87
"T7","Oligodendrocytes","0","blue",703,"COMT",0.86,87
"T7","Oligodendrocytes","0","blue",703,"RPL32",0.86,87
"T7","Oligodendrocytes","0","blue",703,"RPL36",0.858,86
"T7","Oligodendrocytes","0","blue",703,"RPS24",0.858,87
"T7","Oligodendrocytes","0","blue",703,"MT3",0.858,87
"T7","Oligodendrocytes","0","blue",703,"S100B",0.857,86
"T7","Oligodendrocytes","0","blue",703,"RPS18",0.856,86
"T7","Oligodendrocytes","0","blue",703,"FAM96B",0.856,86
"T7","Oligodendrocytes","0","blue",703,"TOMM7",0.855,86
"T7","Oligodendrocytes","0","blue",703,"RPS27",0.854,86
"T7","Oligodendrocytes","0","blue",703,"ATOX1",0.853,86
"T7","Oligodendrocytes","0","blue",703,"RPL27",0.852,85
"T7","Oligodendrocytes","0","blue",703,"RPS23",0.851,85
"T7","Oligodendrocytes","0","blue",703,"GAPDH",0.851,85
"T7","Oligodendrocytes","0","blue",703,"RPS13",0.85,85
"T7","Oligodendrocytes","0","blue",703,"PSMD8",0.848,85
"T7","Oligodendrocytes","0","blue",703,"COX6B1",0.848,85
"T7","Oligodendrocytes","0","blue",703,"TMEM160",0.847,85
"T7","Oligodendrocytes","0","blue",703,"FRG1",0.846,84
"T7","Oligodendrocytes","0","blue",703,"RPS7",0.844,84
"T7","Oligodendrocytes","0","blue",703,"S100A6",0.843,84
"T7","Oligodendrocytes","0","blue",703,"UQCR10",0.841,84
"T7","Oligodendrocytes","0","blue",703,"HIST1H4C",0.84,84
"T7","Oligodendrocytes","0","blue",703,"LGALS3BP",0.839,84
"T7","Oligodendrocytes","0","blue",703,"RPS4X",0.838,84
"T7","Oligodendrocytes","0","blue",703,"RPL6",0.836,83
"T7","Oligodendrocytes","0","blue",703,"TMEM258",0.836,83
"T7","Oligodendrocytes","0","blue",703,"RPS9",0.833,83
"T7","Oligodendrocytes","0","blue",703,"PHB",0.833,83
"T7","Oligodendrocytes","0","blue",703,"APLP1",0.832,83
"T7","Oligodendrocytes","0","blue",703,"RPL37A",0.831,83
"T7","Oligodendrocytes","0","blue",703,"PFN1",0.83,83
"T7","Oligodendrocytes","0","blue",703,"TMEM219",0.828,82
"T7","Oligodendrocytes","0","blue",703,"RPS19BP1",0.826,82
"T7","Oligodendrocytes","0","blue",703,"TMSB10",0.824,82
"T7","Oligodendrocytes","0","blue",703,"COX4I1",0.824,82
"T7","Oligodendrocytes","0","blue",703,"TKT",0.823,82
"T7","Oligodendrocytes","0","blue",703,"UBXN1",0.822,82
"T7","Oligodendrocytes","0","blue",703,"JOSD2",0.821,82
"T7","Oligodendrocytes","0","blue",703,"LRPAP1",0.818,81
"T7","Oligodendrocytes","0","blue",703,"MYDGF",0.818,81
"T7","Oligodendrocytes","0","blue",703,"PHPT1",0.817,81
"T7","Oligodendrocytes","0","blue",703,"TMEM179B",0.816,81
"T7","Oligodendrocytes","0","blue",703,"RPL27A",0.816,81
"T7","Oligodendrocytes","0","blue",703,"C1orf122",0.816,81
"T7","Oligodendrocytes","0","blue",703,"TUFM",0.815,81
"T7","Oligodendrocytes","0","blue",703,"S100A1",0.814,80
"T7","Oligodendrocytes","0","blue",703,"PSMA7",0.814,80
"T7","Oligodendrocytes","0","blue",703,"LAMTOR1",0.814,80
"T7","Oligodendrocytes","0","blue",703,"SLC25A6",0.814,80
"T7","Oligodendrocytes","0","blue",703,"DAD1",0.813,80
"T7","Oligodendrocytes","0","blue",703,"COPS6",0.813,80
"T7","Oligodendrocytes","0","blue",703,"CD81",0.813,80
"T7","Oligodendrocytes","0","blue",703,"RPL23",0.812,79
"T7","Oligodendrocytes","0","blue",703,"CUEDC2",0.811,79
"T7","Oligodendrocytes","0","blue",703,"FAM3A",0.809,79
"T7","Oligodendrocytes","0","blue",703,"COX7C",0.809,79
"T7","Oligodendrocytes","0","blue",703,"LAMTOR4",0.809,79
"T7","Oligodendrocytes","0","blue",703,"NUPR1",0.809,79
"T7","Oligodendrocytes","0","blue",703,"LGALS1",0.808,79
"T7","Oligodendrocytes","0","blue",703,"SEZ6L2",0.807,78
"T7","Oligodendrocytes","0","blue",703,"RPL10A",0.807,78
"T7","Oligodendrocytes","0","blue",703,"METRN",0.805,78
"T7","Oligodendrocytes","0","blue",703,"GADD45GIP1",0.805,78
"T7","Oligodendrocytes","0","blue",703,"NMT1",0.804,78
"T7","Oligodendrocytes","0","blue",703,"ZNF428",0.804,78
"T7","Oligodendrocytes","0","blue",703,"TSC22D4",0.803,77
"T7","Oligodendrocytes","0","blue",703,"ENO1",0.803,77
"T7","Oligodendrocytes","0","blue",703,"PHLDA3",0.803,78
"T7","Oligodendrocytes","0","blue",703,"PAXX",0.801,77
"T7","Oligodendrocytes","0","blue",703,"PHGDH",0.801,77
"T7","Oligodendrocytes","0","blue",703,"CCDC85B",0.8,77
"T7","Oligodendrocytes","0","blue",703,"RPL30",0.8,77
"T7","Oligodendrocytes","0","blue",703,"SVIP",0.799,77
"T7","Oligodendrocytes","0","blue",703,"STX4",0.797,76
"T7","Oligodendrocytes","0","blue",703,"METAP2",0.795,76
"T7","Oligodendrocytes","0","blue",703,"TTYH1",0.795,76
"T7","Oligodendrocytes","0","blue",703,"ABCA2",0.793,76
"T7","Oligodendrocytes","0","blue",703,"RPL34",0.793,76
"T7","Oligodendrocytes","0","blue",703,"EEF1D",0.791,76
"T7","Oligodendrocytes","0","blue",703,"ATP6V1F",0.791,76
"T7","Oligodendrocytes","0","blue",703,"PLEKHA7",0.79,75
"T7","Oligodendrocytes","0","blue",703,"YPEL3",0.789,75
"T7","Oligodendrocytes","0","blue",703,"EIF3J",0.789,75
"T7","Oligodendrocytes","0","blue",703,"TRIR",0.787,75
"T7","Oligodendrocytes","0","blue",703,"SEC62",0.786,75
"T7","Oligodendrocytes","0","blue",703,"MRPL51",0.786,75
"T7","Oligodendrocytes","0","blue",703,"PCDH9-AS1",0.782,75
"T7","Oligodendrocytes","0","blue",703,"DDX24",0.779,74
"T7","Oligodendrocytes","0","blue",703,"LSM4",0.779,74
"T7","Oligodendrocytes","0","blue",703,"RPL23A",0.778,74
"T7","Oligodendrocytes","0","blue",703,"RNH1",0.775,74
"T7","Oligodendrocytes","0","blue",703,"B3GAT3",0.773,74
"T7","Oligodendrocytes","0","blue",703,"TXN2",0.772,74
"T7","Oligodendrocytes","0","blue",703,"TPGS1",0.772,74
"T7","Oligodendrocytes","0","blue",703,"XPO5",0.77,73
"T7","Oligodendrocytes","0","blue",703,"COL19A1",0.769,73
"T7","Oligodendrocytes","0","blue",703,"ATP5PF",0.768,73
"T7","Oligodendrocytes","0","blue",703,"AURKAIP1",0.768,73
"T7","Oligodendrocytes","0","blue",703,"NUDC",0.766,73
"T7","Oligodendrocytes","0","blue",703,"RPS6",0.766,73
"T7","Oligodendrocytes","0","blue",703,"DPP7",0.766,73
"T7","Oligodendrocytes","0","blue",703,"RPLP0",0.765,72
"T7","Oligodendrocytes","0","blue",703,"DDX18",0.764,72
"T7","Oligodendrocytes","0","blue",703,"AC010894.3",0.763,72
"T7","Oligodendrocytes","0","blue",703,"HAGH",0.76,72
"T7","Oligodendrocytes","0","blue",703,"CLU",0.76,72
"T7","Oligodendrocytes","0","blue",703,"RNASEH2C",0.759,72
"T7","Oligodendrocytes","0","blue",703,"SEC61B",0.757,72
"T7","Oligodendrocytes","0","blue",703,"BAIAP2L1",0.755,71
"T7","Oligodendrocytes","0","blue",703,"MAP2K2",0.755,71
"T7","Oligodendrocytes","0","blue",703,"RPL36AL",0.754,71
"T7","Oligodendrocytes","0","blue",703,"SPCS2",0.754,71
"T7","Oligodendrocytes","0","blue",703,"RWDD1",0.754,71
"T7","Oligodendrocytes","0","blue",703,"ACAA1",0.751,71
"T7","Oligodendrocytes","0","blue",703,"CHADL",0.751,71
"T7","Oligodendrocytes","0","blue",703,"ARMC9",0.75,70
"T7","Oligodendrocytes","0","blue",703,"CFL1",0.748,70
"T7","Oligodendrocytes","0","blue",703,"SH3BGRL3",0.747,70
"T7","Oligodendrocytes","0","blue",703,"PAQR4",0.745,70
"T7","Oligodendrocytes","0","blue",703,"PDAP1",0.742,70
"T7","Oligodendrocytes","0","blue",703,"FAM50A",0.742,70
"T7","Oligodendrocytes","0","blue",703,"SAT2",0.736,69
"T7","Oligodendrocytes","0","blue",703,"SELENOK",0.736,70
"T7","Oligodendrocytes","0","blue",703,"PSMB5",0.732,69
"T7","Oligodendrocytes","0","blue",703,"ZNF90",0.732,69
"T7","Oligodendrocytes","0","blue",703,"FDPS",0.73,69
"T7","Oligodendrocytes","0","blue",703,"GSTK1",0.728,69
"T7","Oligodendrocytes","0","blue",703,"AC023590.1",0.727,69
"T7","Oligodendrocytes","0","blue",703,"RAMP1",0.726,69
"T7","Oligodendrocytes","0","blue",703,"LINC02256",0.725,68
"T7","Oligodendrocytes","0","blue",703,"ACADVL",0.725,68
"T7","Oligodendrocytes","0","blue",703,"RPL37",0.725,68
"T7","Oligodendrocytes","0","blue",703,"ARL6IP4",0.724,68
"T7","Oligodendrocytes","0","blue",703,"PNKD",0.723,68
"T7","Oligodendrocytes","0","blue",703,"RAC1",0.721,68
"T7","Oligodendrocytes","0","blue",703,"TYRO3",0.72,67
"T7","Oligodendrocytes","0","blue",703,"TF",0.72,67
"T7","Oligodendrocytes","0","blue",703,"MCRIP1",0.72,68
"T7","Oligodendrocytes","0","blue",703,"PDE5A",0.719,67
"T7","Oligodendrocytes","0","blue",703,"CLTB",0.717,67
"T7","Oligodendrocytes","0","blue",703,"MRPL43",0.716,67
"T7","Oligodendrocytes","0","blue",703,"HMOX2",0.71,67
"T7","Oligodendrocytes","0","blue",703,"ERP29",0.71,67
"T7","Oligodendrocytes","0","blue",703,"GPR62",0.709,66
"T7","Oligodendrocytes","0","blue",703,"SYNGR2",0.709,66
"T7","Oligodendrocytes","0","blue",703,"GRHPR",0.709,66
"T7","Oligodendrocytes","0","blue",703,"BEX2",0.708,66
"T7","Oligodendrocytes","0","blue",703,"HAPLN2",0.707,66
"T7","Oligodendrocytes","0","blue",703,"NDUFA4",0.706,66
"T7","Oligodendrocytes","0","blue",703,"PARP1",0.704,65
"T7","Oligodendrocytes","0","blue",703,"DYNC1I2",0.704,66
"T7","Oligodendrocytes","0","blue",703,"ITGB1",0.703,65
"T7","Oligodendrocytes","0","blue",703,"RPS27A",0.703,65
"T7","Oligodendrocytes","0","blue",703,"AP2S1",0.702,65
"T7","Oligodendrocytes","0","blue",703,"DPYSL2",0.7,65
"T7","Oligodendrocytes","0","blue",703,"DHCR24",0.698,65
"T7","Oligodendrocytes","0","blue",703,"CST3",0.696,65
"T7","Oligodendrocytes","0","blue",703,"SNORC",0.694,64
"T7","Oligodendrocytes","0","blue",703,"DOHH",0.694,64
"T7","Oligodendrocytes","0","blue",703,"CALR",0.693,64
"T7","Oligodendrocytes","0","blue",703,"TCF25",0.691,64
"T7","Oligodendrocytes","0","blue",703,"CEBPZ",0.69,64
"T7","Oligodendrocytes","0","blue",703,"DHCR7",0.69,64
"T7","Oligodendrocytes","0","blue",703,"CLTA",0.689,63
"T7","Oligodendrocytes","0","blue",703,"PRMT1",0.689,63
"T7","Oligodendrocytes","0","blue",703,"COX6C",0.689,63
"T7","Oligodendrocytes","0","blue",703,"SEMA7A",0.689,64
"T7","Oligodendrocytes","0","blue",703,"NR1H2",0.685,63
"T7","Oligodendrocytes","0","blue",703,"BAIAP2L2",0.684,63
"T7","Oligodendrocytes","0","blue",703,"UQCRH",0.683,62
"T7","Oligodendrocytes","0","blue",703,"PUF60",0.683,62
"T7","Oligodendrocytes","0","blue",703,"SCRG1",0.683,62
"T7","Oligodendrocytes","0","blue",703,"BRD9",0.683,63
"T7","Oligodendrocytes","0","blue",703,"NDUFB4",0.683,63
"T7","Oligodendrocytes","0","blue",703,"ARL8A",0.681,62
"T7","Oligodendrocytes","0","blue",703,"BRI3",0.681,62
"T7","Oligodendrocytes","0","blue",703,"CTSF",0.681,62
"T7","Oligodendrocytes","0","blue",703,"PSMB1",0.679,61
"T7","Oligodendrocytes","0","blue",703,"TPI1",0.679,62
"T7","Oligodendrocytes","0","blue",703,"RAN",0.678,61
"T7","Oligodendrocytes","0","blue",703,"PLCG2",0.678,61
"T7","Oligodendrocytes","0","blue",703,"EIF3K",0.677,61
"T7","Oligodendrocytes","0","blue",703,"MRPL20",0.677,61
"T7","Oligodendrocytes","0","blue",703,"ATP5MC3",0.677,61
"T7","Oligodendrocytes","0","blue",703,"POMP",0.676,61
"T7","Oligodendrocytes","0","blue",703,"LINC00486",0.675,60
"T7","Oligodendrocytes","0","blue",703,"NFE2L1",0.673,60
"T7","Oligodendrocytes","0","blue",703,"ATP6V0E2",0.673,60
"T7","Oligodendrocytes","0","blue",703,"RPS20",0.673,60
"T7","Oligodendrocytes","0","blue",703,"PTCSC3",0.671,60
"T7","Oligodendrocytes","0","blue",703,"EIF5B",0.671,60
"T7","Oligodendrocytes","0","blue",703,"SCAMP3",0.667,60
"T7","Oligodendrocytes","0","blue",703,"DDIT4",0.665,59
"T7","Oligodendrocytes","0","blue",703,"AP2M1",0.665,59
"T7","Oligodendrocytes","0","blue",703,"PRKCZ",0.664,59
"T7","Oligodendrocytes","0","blue",703,"MSRB2",0.663,59
"T7","Oligodendrocytes","0","blue",703,"ADAP1",0.661,59
"T7","Oligodendrocytes","0","blue",703,"MAP1LC3A",0.66,59
"T7","Oligodendrocytes","0","blue",703,"FNTB",0.658,58
"T7","Oligodendrocytes","0","blue",703,"R3HCC1",0.658,59
"T7","Oligodendrocytes","0","blue",703,"MBP",0.656,58
"T7","Oligodendrocytes","0","blue",703,"ABCF1",0.656,58
"T7","Oligodendrocytes","0","blue",703,"P4HTM",0.655,58
"T7","Oligodendrocytes","0","blue",703,"HLA-A",0.655,58
"T7","Oligodendrocytes","0","blue",703,"SCN1B",0.654,58
"T7","Oligodendrocytes","0","blue",703,"MRPS5",0.651,58
"T7","Oligodendrocytes","0","blue",703,"TXNL4A",0.65,57
"T7","Oligodendrocytes","0","blue",703,"C19orf25",0.649,57
"T7","Oligodendrocytes","0","blue",703,"SAP18",0.648,57
"T7","Oligodendrocytes","0","blue",703,"PSMB2",0.647,57
"T7","Oligodendrocytes","0","blue",703,"DYNLRB1",0.646,57
"T7","Oligodendrocytes","0","blue",703,"CCT7",0.645,57
"T7","Oligodendrocytes","0","blue",703,"HSP90B1",0.643,57
"T7","Oligodendrocytes","0","blue",703,"SPCS1",0.641,56
"T7","Oligodendrocytes","0","blue",703,"PIN1",0.64,56
"T7","Oligodendrocytes","0","blue",703,"NDUFV1",0.639,56
"T7","Oligodendrocytes","0","blue",703,"S1PR5",0.638,56
"T7","Oligodendrocytes","0","blue",703,"SEC11C",0.638,56
"T7","Oligodendrocytes","0","blue",703,"BCAP31",0.637,55
"T7","Oligodendrocytes","0","blue",703,"ATP5MPL",0.637,56
"T7","Oligodendrocytes","0","blue",703,"PLXNB1",0.637,56
"T7","Oligodendrocytes","0","blue",703,"CYB5A",0.636,55
"T7","Oligodendrocytes","0","blue",703,"PFDN1",0.635,55
"T7","Oligodendrocytes","0","blue",703,"HSBP1",0.635,55
"T7","Oligodendrocytes","0","blue",703,"ZFAS1",0.634,55
"T7","Oligodendrocytes","0","blue",703,"STUB1",0.633,55
"T7","Oligodendrocytes","0","blue",703,"ARPC3",0.633,55
"T7","Oligodendrocytes","0","blue",703,"AP2B1",0.632,54
"T7","Oligodendrocytes","0","blue",703,"TBC1D12",0.631,54
"T7","Oligodendrocytes","0","blue",703,"SIRT2",0.629,54
"T7","Oligodendrocytes","0","blue",703,"RBMX",0.629,54
"T7","Oligodendrocytes","0","blue",703,"ATP5MG",0.628,54
"T7","Oligodendrocytes","0","blue",703,"NDUFV3",0.626,53
"T7","Oligodendrocytes","0","blue",703,"NUDCD2",0.626,53
"T7","Oligodendrocytes","0","blue",703,"RNF187",0.626,53
"T7","Oligodendrocytes","0","blue",703,"CXorf38",0.626,54
"T7","Oligodendrocytes","0","blue",703,"PMVK",0.626,54
"T7","Oligodendrocytes","0","blue",703,"EPHX1",0.624,53
"T7","Oligodendrocytes","0","blue",703,"FAIM2",0.623,53
"T7","Oligodendrocytes","0","blue",703,"RNF126",0.623,53
"T7","Oligodendrocytes","0","blue",703,"RRBP1",0.622,52
"T7","Oligodendrocytes","0","blue",703,"ECHS1",0.622,53
"T7","Oligodendrocytes","0","blue",703,"KIF1A",0.619,52
"T7","Oligodendrocytes","0","blue",703,"CLPTM1",0.618,52
"T7","Oligodendrocytes","0","blue",703,"DHRS7",0.617,52
"T7","Oligodendrocytes","0","blue",703,"CDK18",0.617,52
"T7","Oligodendrocytes","0","blue",703,"EEF1A1",0.616,52
"T7","Oligodendrocytes","0","blue",703,"CDH12",0.616,52
"T7","Oligodendrocytes","0","blue",703,"RPL31",0.615,51
"T7","Oligodendrocytes","0","blue",703,"C1orf61",0.614,51
"T7","Oligodendrocytes","0","blue",703,"LLGL2",0.612,51
"T7","Oligodendrocytes","0","blue",703,"NACAD",0.612,51
"T7","Oligodendrocytes","0","blue",703,"NOSIP",0.609,51
"T7","Oligodendrocytes","0","blue",703,"PABPC1",0.609,51
"T7","Oligodendrocytes","0","blue",703,"PODXL2",0.607,51
"T7","Oligodendrocytes","0","blue",703,"NCOA7",0.606,50
"T7","Oligodendrocytes","0","blue",703,"RAD23A",0.605,50
"T7","Oligodendrocytes","0","blue",703,"C1orf123",0.603,50
"T7","Oligodendrocytes","0","blue",703,"RBFOX1",0.603,50
"T7","Oligodendrocytes","0","blue",703,"FAM200B",0.603,50
"T7","Oligodendrocytes","0","blue",703,"PRPF6",0.6,50
"T7","Oligodendrocytes","0","blue",703,"ZSCAN16-AS1",0.599,50
"T7","Oligodendrocytes","0","blue",703,"MESD",0.599,50
"T7","Oligodendrocytes","0","blue",703,"TTYH2",0.598,49
"T7","Oligodendrocytes","0","blue",703,"SDF4",0.598,49
"T7","Oligodendrocytes","0","blue",703,"RPL21",0.596,49
"T7","Oligodendrocytes","0","blue",703,"MTCH1",0.594,49
"T7","Oligodendrocytes","0","blue",703,"TPRN",0.594,49
"T7","Oligodendrocytes","0","blue",703,"SLC25A4",0.593,49
"T7","Oligodendrocytes","0","blue",703,"AL450998.2",0.592,49
"T7","Oligodendrocytes","0","blue",703,"CDC37",0.588,48
"T7","Oligodendrocytes","0","blue",703,"NDUFS2",0.588,48
"T7","Oligodendrocytes","0","blue",703,"TUBB2B",0.587,48
"T7","Oligodendrocytes","0","blue",703,"SNU13",0.586,48
"T7","Oligodendrocytes","0","blue",703,"CKB",0.586,48
"T7","Oligodendrocytes","0","blue",703,"COL18A1",0.585,48
"T7","Oligodendrocytes","0","blue",703,"COMMD2",0.584,48
"T7","Oligodendrocytes","0","blue",703,"SCAMP2",0.583,47
"T7","Oligodendrocytes","0","blue",703,"NSA2",0.583,47
"T7","Oligodendrocytes","0","blue",703,"CETN3",0.581,47
"T7","Oligodendrocytes","0","blue",703,"IQCK",0.579,47
"T7","Oligodendrocytes","0","blue",703,"SLC3A2",0.577,47
"T7","Oligodendrocytes","0","blue",703,"FLOT1",0.577,47
"T7","Oligodendrocytes","0","blue",703,"RBM8A",0.577,47
"T7","Oligodendrocytes","0","blue",703,"CYHR1",0.575,46
"T7","Oligodendrocytes","0","blue",703,"HERPUD1",0.573,46
"T7","Oligodendrocytes","0","blue",703,"PACS2",0.571,46
"T7","Oligodendrocytes","0","blue",703,"URM1",0.57,46
"T7","Oligodendrocytes","0","blue",703,"KIF5C",0.569,46
"T7","Oligodendrocytes","0","blue",703,"FAM171A1",0.568,46
"T7","Oligodendrocytes","0","blue",703,"INF2",0.567,46
"T7","Oligodendrocytes","0","blue",703,"RRAGA",0.565,45
"T7","Oligodendrocytes","0","blue",703,"PSMA5",0.563,45
"T7","Oligodendrocytes","0","blue",703,"MAP7D1",0.563,45
"T7","Oligodendrocytes","0","blue",703,"NPM1",0.563,45
"T7","Oligodendrocytes","0","blue",703,"FAM133B",0.562,45
"T7","Oligodendrocytes","0","blue",703,"MED10",0.56,45
"T7","Oligodendrocytes","0","blue",703,"HPCAL1",0.56,45
"T7","Oligodendrocytes","0","blue",703,"ABHD12",0.559,44
"T7","Oligodendrocytes","0","blue",703,"NOP56",0.557,44
"T7","Oligodendrocytes","0","blue",703,"JTB",0.557,44
"T7","Oligodendrocytes","0","blue",703,"RPL24",0.556,44
"T7","Oligodendrocytes","0","blue",703,"ZNF32",0.556,44
"T7","Oligodendrocytes","0","blue",703,"MPST",0.554,44
"T7","Oligodendrocytes","0","blue",703,"AKAP9",0.553,44
"T7","Oligodendrocytes","0","blue",703,"COL9A2",0.552,43
"T7","Oligodendrocytes","0","blue",703,"FILIP1L",0.552,43
"T7","Oligodendrocytes","0","blue",703,"TLN1",0.552,43
"T7","Oligodendrocytes","0","blue",703,"APOE",0.547,43
"T7","Oligodendrocytes","0","blue",703,"TMEM140",0.546,43
"T7","Oligodendrocytes","0","blue",703,"SPRYD7",0.546,43
"T7","Oligodendrocytes","0","blue",703,"WASHC1",0.545,42
"T7","Oligodendrocytes","0","blue",703,"HDGF",0.545,43
"T7","Oligodendrocytes","0","blue",703,"LARP6",0.544,42
"T7","Oligodendrocytes","0","blue",703,"DPYSL5",0.544,42
"T7","Oligodendrocytes","0","blue",703,"PLOD3",0.543,42
"T7","Oligodendrocytes","0","blue",703,"ATP6AP1",0.543,42
"T7","Oligodendrocytes","0","blue",703,"SUMO1",0.541,42
"T7","Oligodendrocytes","0","blue",703,"CWF19L2",0.54,42
"T7","Oligodendrocytes","0","blue",703,"PRDX6",0.538,41
"T7","Oligodendrocytes","0","blue",703,"ERLEC1",0.538,41
"T7","Oligodendrocytes","0","blue",703,"FAM107B",0.537,41
"T7","Oligodendrocytes","0","blue",703,"NPC2",0.537,41
"T7","Oligodendrocytes","0","blue",703,"MFSD12",0.536,41
"T7","Oligodendrocytes","0","blue",703,"PLIN3",0.536,41
"T7","Oligodendrocytes","0","blue",703,"SNRNP35",0.534,41
"T7","Oligodendrocytes","0","blue",703,"LZTS2",0.532,40
"T7","Oligodendrocytes","0","blue",703,"ENY2",0.532,40
"T7","Oligodendrocytes","0","blue",703,"ARF1",0.532,40
"T7","Oligodendrocytes","0","blue",703,"AAK1",0.532,40
"T7","Oligodendrocytes","0","blue",703,"CCDC12",0.53,40
"T7","Oligodendrocytes","0","blue",703,"IFNGR2",0.529,40
"T7","Oligodendrocytes","0","blue",703,"SARS",0.528,40
"T7","Oligodendrocytes","0","blue",703,"PREX1",0.527,39
"T7","Oligodendrocytes","0","blue",703,"FAM213A",0.526,39
"T7","Oligodendrocytes","0","blue",703,"GOLGA2",0.524,39
"T7","Oligodendrocytes","0","blue",703,"TAF1D",0.523,39
"T7","Oligodendrocytes","0","blue",703,"CBX3",0.522,39
"T7","Oligodendrocytes","0","blue",703,"PSMC1",0.522,39
"T7","Oligodendrocytes","0","blue",703,"DOCK2",0.519,39
"T7","Oligodendrocytes","0","blue",703,"WDR45B",0.518,38
"T7","Oligodendrocytes","0","blue",703,"ZCWPW1",0.517,38
"T7","Oligodendrocytes","0","blue",703,"BRD7",0.515,38
"T7","Oligodendrocytes","0","blue",703,"MBOAT1",0.515,38
"T7","Oligodendrocytes","0","blue",703,"EPN2",0.514,38
"T7","Oligodendrocytes","0","blue",703,"PTDSS2",0.514,38
"T7","Oligodendrocytes","0","blue",703,"ACTR1B",0.514,38
"T7","Oligodendrocytes","0","blue",703,"PRELID3A",0.512,37
"T7","Oligodendrocytes","0","blue",703,"PLXND1",0.506,37
"T7","Oligodendrocytes","0","blue",703,"ZNF738",0.506,37
"T7","Oligodendrocytes","0","blue",703,"C9orf78",0.506,37
"T7","Oligodendrocytes","0","blue",703,"SREK1IP1",0.506,37
"T7","Oligodendrocytes","0","blue",703,"AC098829.1",0.506,37
"T7","Oligodendrocytes","0","blue",703,"P4HB",0.504,37
"T7","Oligodendrocytes","0","blue",703,"JPT2",0.503,36
"T7","Oligodendrocytes","0","blue",703,"SRI",0.503,36
"T7","Oligodendrocytes","0","blue",703,"TANC1",0.501,36
"T7","Oligodendrocytes","0","blue",703,"PTTG1IP",0.5,36
"T7","Oligodendrocytes","0","blue",703,"PSMB7",0.499,36
"T7","Oligodendrocytes","0","blue",703,"PPT1",0.498,36
"T7","Oligodendrocytes","0","blue",703,"SPINT2",0.496,36
"T7","Oligodendrocytes","0","blue",703,"DPYD-AS1",0.492,35
"T7","Oligodendrocytes","0","blue",703,"MGAT1",0.491,35
"T7","Oligodendrocytes","0","blue",703,"CARHSP1",0.488,35
"T7","Oligodendrocytes","0","blue",703,"IDH2",0.484,35
"T7","Oligodendrocytes","0","blue",703,"RAPH1",0.483,35
"T7","Oligodendrocytes","0","blue",703,"PIN4",0.482,35
"T7","Oligodendrocytes","0","blue",703,"DPY30",0.479,35
"T7","Oligodendrocytes","0","blue",703,"ARHGDIA",0.478,34
"T7","Oligodendrocytes","0","blue",703,"UPF2",0.477,34
"T7","Oligodendrocytes","0","blue",703,"DNAJC8",0.476,34
"T7","Oligodendrocytes","0","blue",703,"PCSK6",0.475,34
"T7","Oligodendrocytes","0","blue",703,"NDUFV2",0.473,34
"T7","Oligodendrocytes","0","blue",703,"RNF145",0.473,34
"T7","Oligodendrocytes","0","blue",703,"ACP1",0.471,33
"T7","Oligodendrocytes","0","blue",703,"COX19",0.471,34
"T7","Oligodendrocytes","0","blue",703,"PDIA6",0.469,33
"T7","Oligodendrocytes","0","blue",703,"HPN",0.468,33
"T7","Oligodendrocytes","0","blue",703,"RFC1",0.466,33
"T7","Oligodendrocytes","0","blue",703,"SERPINB6",0.465,33
"T7","Oligodendrocytes","0","blue",703,"PDXK",0.464,33
"T7","Oligodendrocytes","0","blue",703,"VPS4A",0.463,33
"T7","Oligodendrocytes","0","blue",703,"SAP30",0.462,32
"T7","Oligodendrocytes","0","blue",703,"ANKRD18A",0.46,32
"T7","Oligodendrocytes","0","blue",703,"EMC10",0.457,32
"T7","Oligodendrocytes","0","blue",703,"NMT2",0.456,32
"T7","Oligodendrocytes","0","blue",703,"SCAP",0.455,32
"T7","Oligodendrocytes","0","blue",703,"SPSB3",0.453,32
"T7","Oligodendrocytes","0","blue",703,"VPS51",0.451,31
"T7","Oligodendrocytes","0","blue",703,"NCSTN",0.451,31
"T7","Oligodendrocytes","0","blue",703,"CSF1",0.451,32
"T7","Oligodendrocytes","0","blue",703,"ESF1",0.446,31
"T7","Oligodendrocytes","0","blue",703,"PDIA4",0.445,31
"T7","Oligodendrocytes","0","blue",703,"SYNM",0.444,31
"T7","Oligodendrocytes","0","blue",703,"HSF1",0.44,31
"T7","Oligodendrocytes","0","blue",703,"DNAJC7",0.438,30
"T7","Oligodendrocytes","0","blue",703,"NELFCD",0.438,31
"T7","Oligodendrocytes","0","blue",703,"AP2A2",0.435,30
"T7","Oligodendrocytes","0","blue",703,"TMOD3",0.435,30
"T7","Oligodendrocytes","0","blue",703,"RER1",0.434,30
"T7","Oligodendrocytes","0","blue",703,"PNPLA6",0.434,30
"T7","Oligodendrocytes","0","blue",703,"PRIMA1",0.432,30
"T7","Oligodendrocytes","0","blue",703,"PLEKHA6",0.431,30
"T7","Oligodendrocytes","0","blue",703,"FAM95C",0.43,29
"T7","Oligodendrocytes","0","blue",703,"ANKRA2",0.429,29
"T7","Oligodendrocytes","0","blue",703,"BCL2L14",0.429,29
"T7","Oligodendrocytes","0","blue",703,"UBTF",0.427,29
"T7","Oligodendrocytes","0","blue",703,"DHX29",0.427,29
"T7","Oligodendrocytes","0","blue",703,"BUD23",0.426,29
"T7","Oligodendrocytes","0","blue",703,"PI16",0.426,29
"T7","Oligodendrocytes","0","blue",703,"PPP1R7",0.423,28
"T7","Oligodendrocytes","0","blue",703,"SMOC1",0.422,28
"T7","Oligodendrocytes","0","blue",703,"EIF2D",0.419,28
"T7","Oligodendrocytes","0","blue",703,"ING4",0.418,28
"T7","Oligodendrocytes","0","blue",703,"SYNGR1",0.417,28
"T7","Oligodendrocytes","0","blue",703,"PIDD1",0.415,28
"T7","Oligodendrocytes","0","blue",703,"DNAH17",0.415,28
"T7","Oligodendrocytes","0","blue",703,"DDX21",0.414,27
"T7","Oligodendrocytes","0","blue",703,"GOPC",0.414,27
"T7","Oligodendrocytes","0","blue",703,"ZBTB17",0.414,27
"T7","Oligodendrocytes","0","blue",703,"TUBG2",0.414,27
"T7","Oligodendrocytes","0","blue",703,"SMIM12",0.413,27
"T7","Oligodendrocytes","0","blue",703,"MUM1",0.41,27
"T7","Oligodendrocytes","0","blue",703,"EML2",0.41,27
"T7","Oligodendrocytes","0","blue",703,"OAZ2",0.408,26
"T7","Oligodendrocytes","0","blue",703,"SPHK2",0.408,26
"T7","Oligodendrocytes","0","blue",703,"NAGLU",0.406,26
"T7","Oligodendrocytes","0","blue",703,"BACE2",0.405,26
"T7","Oligodendrocytes","0","blue",703,"VPS9D1",0.403,26
"T7","Oligodendrocytes","0","blue",703,"MAP2K1",0.403,26
"T7","Oligodendrocytes","0","blue",703,"TRNT1",0.402,26
"T7","Oligodendrocytes","0","blue",703,"IARS2",0.399,25
"T7","Oligodendrocytes","0","blue",703,"AP1B1",0.398,25
"T7","Oligodendrocytes","0","blue",703,"XXYLT1",0.396,25
"T7","Oligodendrocytes","0","blue",703,"FBXW5",0.392,25
"T7","Oligodendrocytes","0","blue",703,"GPIHBP1",0.391,25
"T7","Oligodendrocytes","0","blue",703,"UBE2I",0.39,25
"T7","Oligodendrocytes","0","blue",703,"TMEM259",0.389,25
"T7","Oligodendrocytes","0","blue",703,"CNOT7",0.388,24
"T7","Oligodendrocytes","0","blue",703,"PDGFA",0.388,24
"T7","Oligodendrocytes","0","blue",703,"SEC13",0.387,24
"T7","Oligodendrocytes","0","blue",703,"DHX40",0.386,24
"T7","Oligodendrocytes","0","blue",703,"SLC7A14",0.385,24
"T7","Oligodendrocytes","0","blue",703,"CERS4",0.381,24
"T7","Oligodendrocytes","0","blue",703,"UBXN2A",0.379,24
"T7","Oligodendrocytes","0","blue",703,"CHMP4B",0.378,23
"T7","Oligodendrocytes","0","blue",703,"MRNIP",0.378,23
"T7","Oligodendrocytes","0","blue",703,"CLSTN1",0.375,23
"T7","Oligodendrocytes","0","blue",703,"C2CD2",0.371,23
"T7","Oligodendrocytes","0","blue",703,"PSRC1",0.369,23
"T7","Oligodendrocytes","0","blue",703,"EIF3J-DT",0.368,23
"T7","Oligodendrocytes","0","blue",703,"AL627171.2",0.368,23
"T7","Oligodendrocytes","0","blue",703,"ACO2",0.363,22
"T7","Oligodendrocytes","0","blue",703,"KIAA0930",0.363,22
"T7","Oligodendrocytes","0","blue",703,"FXR2",0.363,22
"T7","Oligodendrocytes","0","blue",703,"PSMG4",0.362,22
"T7","Oligodendrocytes","0","blue",703,"C1D",0.361,22
"T7","Oligodendrocytes","0","blue",703,"PSMD3",0.361,22
"T7","Oligodendrocytes","0","blue",703,"ZNF235",0.36,21
"T7","Oligodendrocytes","0","blue",703,"MYH11",0.36,22
"T7","Oligodendrocytes","0","blue",703,"UCHL3",0.358,21
"T7","Oligodendrocytes","0","blue",703,"CHST12",0.355,21
"T7","Oligodendrocytes","0","blue",703,"POMGNT1",0.355,21
"T7","Oligodendrocytes","0","blue",703,"TRIM13",0.354,21
"T7","Oligodendrocytes","0","blue",703,"POLR2B",0.354,21
"T7","Oligodendrocytes","0","blue",703,"CBWD5",0.353,21
"T7","Oligodendrocytes","0","blue",703,"AC135050.3",0.35,20
"T7","Oligodendrocytes","0","blue",703,"TNRC6A",0.349,20
"T7","Oligodendrocytes","0","blue",703,"ZSWIM8",0.349,20
"T7","Oligodendrocytes","0","blue",703,"BCR",0.347,20
"T7","Oligodendrocytes","0","blue",703,"NARF",0.343,20
"T7","Oligodendrocytes","0","blue",703,"FAM45A",0.343,20
"T7","Oligodendrocytes","0","blue",703,"CARS",0.342,20
"T7","Oligodendrocytes","0","blue",703,"RASGRF1",0.341,19
"T7","Oligodendrocytes","0","blue",703,"SLC27A4",0.34,19
"T7","Oligodendrocytes","0","blue",703,"PRDX3",0.338,19
"T7","Oligodendrocytes","0","blue",703,"ILF3-DT",0.336,19
"T7","Oligodendrocytes","0","blue",703,"NDUFB5",0.335,18
"T7","Oligodendrocytes","0","blue",703,"RNPS1",0.335,19
"T7","Oligodendrocytes","0","blue",703,"ATG12",0.335,19
"T7","Oligodendrocytes","0","blue",703,"EML1",0.335,19
"T7","Oligodendrocytes","0","blue",703,"CPXM2",0.332,18
"T7","Oligodendrocytes","0","blue",703,"CRELD1",0.331,18
"T7","Oligodendrocytes","0","blue",703,"NRBP1",0.33,18
"T7","Oligodendrocytes","0","blue",703,"TBC1D20",0.33,18
"T7","Oligodendrocytes","0","blue",703,"TCHP",0.329,18
"T7","Oligodendrocytes","0","blue",703,"GALNT6",0.328,18
"T7","Oligodendrocytes","0","blue",703,"LMTK3",0.326,17
"T7","Oligodendrocytes","0","blue",703,"AAMDC",0.326,17
"T7","Oligodendrocytes","0","blue",703,"ABCB8",0.325,17
"T7","Oligodendrocytes","0","blue",703,"NDUFA10",0.323,17
"T7","Oligodendrocytes","0","blue",703,"ACTR1A",0.323,17
"T7","Oligodendrocytes","0","blue",703,"PPP5C",0.322,17
"T7","Oligodendrocytes","0","blue",703,"PIGH",0.322,17
"T7","Oligodendrocytes","0","blue",703,"SLIRP",0.321,16
"T7","Oligodendrocytes","0","blue",703,"TRIM56",0.319,16
"T7","Oligodendrocytes","0","blue",703,"LINC01470",0.319,16
"T7","Oligodendrocytes","0","blue",703,"CBX1",0.317,16
"T7","Oligodendrocytes","0","blue",703,"GRIPAP1",0.317,16
"T7","Oligodendrocytes","0","blue",703,"HAGLR",0.317,16
"T7","Oligodendrocytes","0","blue",703,"ORAOV1",0.316,16
"T7","Oligodendrocytes","0","blue",703,"AHI1",0.315,15
"T7","Oligodendrocytes","0","blue",703,"ACYP1",0.314,15
"T7","Oligodendrocytes","0","blue",703,"ZNF790",0.314,15
"T7","Oligodendrocytes","0","blue",703,"CHMP2B",0.314,15
"T7","Oligodendrocytes","0","blue",703,"POGK",0.312,15
"T7","Oligodendrocytes","0","blue",703,"SNX6",0.311,15
"T7","Oligodendrocytes","0","blue",703,"CCZ1",0.31,15
"T7","Oligodendrocytes","0","blue",703,"FOXRED1",0.306,14
"T7","Oligodendrocytes","0","blue",703,"RSBN1",0.305,14
"T7","Oligodendrocytes","0","blue",703,"PSMB4",0.305,14
"T7","Oligodendrocytes","0","blue",703,"YARS",0.304,14
"T7","Oligodendrocytes","0","blue",703,"ABHD15-AS1",0.301,14
"T7","Oligodendrocytes","0","blue",703,"CHCHD6",0.301,14
"T7","Oligodendrocytes","0","blue",703,"SZRD1",0.3,14
"T7","Oligodendrocytes","0","blue",703,"TIMMDC1",0.299,13
"T7","Oligodendrocytes","0","blue",703,"ARF4",0.299,13
"T7","Oligodendrocytes","0","blue",703,"ZFYVE27",0.298,13
"T7","Oligodendrocytes","0","blue",703,"ARHGAP39",0.298,13
"T7","Oligodendrocytes","0","blue",703,"ATP5F1C",0.293,13
"T7","Oligodendrocytes","0","blue",703,"TOM1",0.291,13
"T7","Oligodendrocytes","0","blue",703,"EIF3F",0.29,13
"T7","Oligodendrocytes","0","blue",703,"BMS1",0.286,12
"T7","Oligodendrocytes","0","blue",703,"DNM2",0.285,12
"T7","Oligodendrocytes","0","blue",703,"AC012358.3",0.285,12
"T7","Oligodendrocytes","0","blue",703,"HIP1R",0.28,12
"T7","Oligodendrocytes","0","blue",703,"PDCD10",0.28,12
"T7","Oligodendrocytes","0","blue",703,"TMEM222",0.277,12
"T7","Oligodendrocytes","0","blue",703,"MINDY1",0.277,12
"T7","Oligodendrocytes","0","blue",703,"SDHA",0.275,11
"T7","Oligodendrocytes","0","blue",703,"KIN",0.275,11
"T7","Oligodendrocytes","0","blue",703,"NRDE2",0.274,11
"T7","Oligodendrocytes","0","blue",703,"WIPI2",0.273,11
"T7","Oligodendrocytes","0","blue",703,"EI24",0.273,11
"T7","Oligodendrocytes","0","blue",703,"ASPSCR1",0.271,11
"T7","Oligodendrocytes","0","blue",703,"SNRPD3",0.27,11
"T7","Oligodendrocytes","0","blue",703,"MARK2",0.269,10
"T7","Oligodendrocytes","0","blue",703,"DNAJC2",0.268,10
"T7","Oligodendrocytes","0","blue",703,"TRAP1",0.267,10
"T7","Oligodendrocytes","0","blue",703,"MTUS1",0.267,10
"T7","Oligodendrocytes","0","blue",703,"ZNF444",0.266,10
"T7","Oligodendrocytes","0","blue",703,"GTF3C5",0.265,10
"T7","Oligodendrocytes","0","blue",703,"SCCPDH",0.264,9
"T7","Oligodendrocytes","0","blue",703,"RALBP1",0.264,10
"T7","Oligodendrocytes","0","blue",703,"KAT5",0.262,9
"T7","Oligodendrocytes","0","blue",703,"AC097376.2",0.262,9
"T7","Oligodendrocytes","0","blue",703,"MAPK8IP3",0.257,9
"T7","Oligodendrocytes","0","blue",703,"NKTR",0.255,9
"T7","Oligodendrocytes","0","blue",703,"USF2",0.254,9
"T7","Oligodendrocytes","0","blue",703,"TBRG1",0.254,9
"T7","Oligodendrocytes","0","blue",703,"SLC38A10",0.253,8
"T7","Oligodendrocytes","0","blue",703,"RELL1",0.249,8
"T7","Oligodendrocytes","0","blue",703,"SLC45A3",0.248,8
"T7","Oligodendrocytes","0","blue",703,"EPB41L2",0.246,8
"T7","Oligodendrocytes","0","blue",703,"NCAPD2",0.245,8
"T7","Oligodendrocytes","0","blue",703,"RPAP3",0.242,8
"T7","Oligodendrocytes","0","blue",703,"WDR61",0.237,7
"T7","Oligodendrocytes","0","blue",703,"HNRNPM",0.237,8
"T7","Oligodendrocytes","0","blue",703,"FAM20C",0.236,7
"T7","Oligodendrocytes","0","blue",703,"NUMA1",0.231,7
"T7","Oligodendrocytes","0","blue",703,"UFSP2",0.231,7
"T7","Oligodendrocytes","0","blue",703,"SDHB",0.229,7
"T7","Oligodendrocytes","0","blue",703,"NUDT5",0.225,7
"T7","Oligodendrocytes","0","blue",703,"ZNF540",0.222,6
"T7","Oligodendrocytes","0","blue",703,"SKA2",0.222,7
"T7","Oligodendrocytes","0","blue",703,"ZNF667",0.22,6
"T7","Oligodendrocytes","0","blue",703,"PELP1",0.22,6
"T7","Oligodendrocytes","0","blue",703,"LURAP1L",0.218,6
"T7","Oligodendrocytes","0","blue",703,"ELMOD3",0.211,6
"T7","Oligodendrocytes","0","blue",703,"HM13",0.206,6
"T7","Oligodendrocytes","0","blue",703,"ST18",0.206,6
"T7","Oligodendrocytes","0","blue",703,"MXD4",0.201,5
"T7","Oligodendrocytes","0","blue",703,"RABL6",0.199,5
"T7","Oligodendrocytes","0","blue",703,"EIF3L",0.197,5
"T7","Oligodendrocytes","0","blue",703,"AC007216.4",0.197,5
"T7","Oligodendrocytes","0","blue",703,"RCOR1",0.195,5
"T7","Oligodendrocytes","0","blue",703,"WBP4",0.192,5
"T7","Oligodendrocytes","0","blue",703,"RTCB",0.192,5
"T7","Oligodendrocytes","0","blue",703,"NPRL3",0.191,4
"T7","Oligodendrocytes","0","blue",703,"ATN1",0.183,4
"T7","Oligodendrocytes","0","blue",703,"SAE1",0.181,4
"T7","Oligodendrocytes","0","blue",703,"FAM53C",0.181,4
"T7","Oligodendrocytes","0","blue",703,"TYW3",0.179,4
"T7","Oligodendrocytes","0","blue",703,"ZFP90",0.177,4
"T7","Oligodendrocytes","0","blue",703,"DGUOK",0.173,4
"T7","Oligodendrocytes","0","blue",703,"AP2A1",0.163,3
"T7","Oligodendrocytes","0","blue",703,"MCPH1-AS1",0.163,3
"T7","Oligodendrocytes","0","blue",703,"SUPT16H",0.16,3
"T7","Oligodendrocytes","0","blue",703,"YY1AP1",0.157,3
"T7","Oligodendrocytes","0","blue",703,"C12orf73",0.154,3
"T7","Oligodendrocytes","0","blue",703,"SPAG16",0.154,3
"T7","Oligodendrocytes","0","blue",703,"NCBP1",0.152,3
"T7","Oligodendrocytes","0","blue",703,"SH2B1",0.148,2
"T7","Oligodendrocytes","0","blue",703,"FBXW11",0.148,2
"T7","Oligodendrocytes","0","blue",703,"CCDC174",0.146,2
"T7","Oligodendrocytes","0","blue",703,"PCGF3",0.131,2
"T7","Oligodendrocytes","0","blue",703,"LEMD2",0.127,2
"T7","Oligodendrocytes","0","blue",703,"EAPP",0.126,2
"T7","Oligodendrocytes","0","blue",703,"TXNDC16",0.123,2
"T7","Oligodendrocytes","0","blue",703,"OTUD5",0.12,1
"T7","Oligodendrocytes","0","blue",703,"MECP2",0.116,1
"T7","Oligodendrocytes","0","blue",703,"FBXL18",0.112,1
"T7","Oligodendrocytes","0","blue",703,"JOSD1",0.105,1
"T7","Oligodendrocytes","0","blue",703,"TGS1",0.103,1
"T7","Oligodendrocytes","0","blue",703,"VPS26B",0.094,1
"T7","Oligodendrocytes","0","blue",703,"MIA2",0.088,1
"T7","Oligodendrocytes","0","blue",703,"SPTLC2",0.045,0
"T7","Oligodendrocytes","0","black",341,"MAG",0.892,100
"T7","Oligodendrocytes","0","black",341,"NENF",0.851,100
"T7","Oligodendrocytes","0","black",341,"CMTM5",0.848,100
"T7","Oligodendrocytes","0","black",341,"RNASE1",0.847,100
"T7","Oligodendrocytes","0","black",341,"SHISA4",0.845,99
"T7","Oligodendrocytes","0","black",341,"ACTB",0.845,99
"T7","Oligodendrocytes","0","black",341,"RHOG",0.843,99
"T7","Oligodendrocytes","0","black",341,"LGI3",0.842,98
"T7","Oligodendrocytes","0","black",341,"GAMT",0.839,98
"T7","Oligodendrocytes","0","black",341,"TMEM125",0.83,98
"T7","Oligodendrocytes","0","black",341,"CADM4",0.828,98
"T7","Oligodendrocytes","0","black",341,"MAPK8IP1",0.827,97
"T7","Oligodendrocytes","0","black",341,"IGSF8",0.826,97
"T7","Oligodendrocytes","0","black",341,"ELOVL1",0.821,97
"T7","Oligodendrocytes","0","black",341,"PPP1R14A",0.817,96
"T7","Oligodendrocytes","0","black",341,"VWA1",0.815,96
"T7","Oligodendrocytes","0","black",341,"LINGO1",0.812,96
"T7","Oligodendrocytes","0","black",341,"TMEM151A",0.807,95
"T7","Oligodendrocytes","0","black",341,"CDC42EP1",0.806,95
"T7","Oligodendrocytes","0","black",341,"GSTO1",0.804,95
"T7","Oligodendrocytes","0","black",341,"CNP",0.782,95
"T7","Oligodendrocytes","0","black",341,"PPDPF",0.781,94
"T7","Oligodendrocytes","0","black",341,"PRKCSH",0.777,94
"T7","Oligodendrocytes","0","black",341,"BSG",0.747,94
"T7","Oligodendrocytes","0","black",341,"ROGDI",0.734,93
"T7","Oligodendrocytes","0","black",341,"FKBP8",0.73,93
"T7","Oligodendrocytes","0","black",341,"LIPE",0.729,93
"T7","Oligodendrocytes","0","black",341,"VPS28",0.727,93
"T7","Oligodendrocytes","0","black",341,"MARCKSL1",0.726,92
"T7","Oligodendrocytes","0","black",341,"GJB1",0.726,92
"T7","Oligodendrocytes","0","black",341,"IPO13",0.713,92
"T7","Oligodendrocytes","0","black",341,"ABHD17A",0.711,91
"T7","Oligodendrocytes","0","black",341,"NMRAL1",0.708,91
"T7","Oligodendrocytes","0","black",341,"STMN4",0.704,91
"T7","Oligodendrocytes","0","black",341,"TMCO1",0.69,90
"T7","Oligodendrocytes","0","black",341,"SEPT4",0.687,90
"T7","Oligodendrocytes","0","black",341,"DNAJB2",0.675,90
"T7","Oligodendrocytes","0","black",341,"LINC00609",0.674,90
"T7","Oligodendrocytes","0","black",341,"PPP1CA",0.67,89
"T7","Oligodendrocytes","0","black",341,"ADAM15",0.67,89
"T7","Oligodendrocytes","0","black",341,"PLLP",0.663,88
"T7","Oligodendrocytes","0","black",341,"GIPC1",0.663,89
"T7","Oligodendrocytes","0","black",341,"GNAI2",0.661,88
"T7","Oligodendrocytes","0","black",341,"CBR1",0.654,88
"T7","Oligodendrocytes","0","black",341,"CAPNS1",0.653,88
"T7","Oligodendrocytes","0","black",341,"BDNF-AS",0.652,87
"T7","Oligodendrocytes","0","black",341,"AIF1L",0.65,87
"T7","Oligodendrocytes","0","black",341,"EIF4A1",0.647,87
"T7","Oligodendrocytes","0","black",341,"SLC48A1",0.645,86
"T7","Oligodendrocytes","0","black",341,"FAM131B",0.642,86
"T7","Oligodendrocytes","0","black",341,"GSN",0.635,85
"T7","Oligodendrocytes","0","black",341,"SLC6A1-AS1",0.635,86
"T7","Oligodendrocytes","0","black",341,"CDC42SE1",0.627,85
"T7","Oligodendrocytes","0","black",341,"SLC26A3",0.626,85
"T7","Oligodendrocytes","0","black",341,"CYB5R3",0.622,85
"T7","Oligodendrocytes","0","black",341,"PFKL",0.616,84
"T7","Oligodendrocytes","0","black",341,"PAQR6",0.615,84
"T7","Oligodendrocytes","0","black",341,"FAHD2B",0.608,83
"T7","Oligodendrocytes","0","black",341,"RAB11B",0.608,84
"T7","Oligodendrocytes","0","black",341,"DTNA",0.603,83
"T7","Oligodendrocytes","0","black",341,"GFAP",0.6,83
"T7","Oligodendrocytes","0","black",341,"TAF11",0.593,83
"T7","Oligodendrocytes","0","black",341,"QSOX1",0.589,82
"T7","Oligodendrocytes","0","black",341,"RTF1",0.583,82
"T7","Oligodendrocytes","0","black",341,"TMBIM1",0.582,82
"T7","Oligodendrocytes","0","black",341,"ADORA1",0.579,81
"T7","Oligodendrocytes","0","black",341,"TBC1D17",0.573,81
"T7","Oligodendrocytes","0","black",341,"FAM177A1",0.568,80
"T7","Oligodendrocytes","0","black",341,"TMEM165",0.568,81
"T7","Oligodendrocytes","0","black",341,"GPR37L1",0.564,80
"T7","Oligodendrocytes","0","black",341,"TBC1D19",0.562,80
"T7","Oligodendrocytes","0","black",341,"BIN1",0.561,80
"T7","Oligodendrocytes","0","black",341,"JUND",0.56,79
"T7","Oligodendrocytes","0","black",341,"SGTA",0.557,79
"T7","Oligodendrocytes","0","black",341,"LHPP",0.555,79
"T7","Oligodendrocytes","0","black",341,"MYLK",0.553,78
"T7","Oligodendrocytes","0","black",341,"SEMA4C",0.551,78
"T7","Oligodendrocytes","0","black",341,"TUBGCP2",0.549,78
"T7","Oligodendrocytes","0","black",341,"ZBED3",0.546,77
"T7","Oligodendrocytes","0","black",341,"SLC31A2",0.546,77
"T7","Oligodendrocytes","0","black",341,"EFNA1",0.546,78
"T7","Oligodendrocytes","0","black",341,"WDR13",0.541,76
"T7","Oligodendrocytes","0","black",341,"C7orf50",0.541,77
"T7","Oligodendrocytes","0","black",341,"TUBA1A",0.54,76
"T7","Oligodendrocytes","0","black",341,"SERP2",0.539,76
"T7","Oligodendrocytes","0","black",341,"PTOV1",0.538,75
"T7","Oligodendrocytes","0","black",341,"LINC00511",0.534,75
"T7","Oligodendrocytes","0","black",341,"LGI4",0.533,75
"T7","Oligodendrocytes","0","black",341,"MAPK3",0.533,75
"T7","Oligodendrocytes","0","black",341,"HDAC11",0.526,74
"T7","Oligodendrocytes","0","black",341,"PTPA",0.526,74
"T7","Oligodendrocytes","0","black",341,"RASGEF1B",0.521,74
"T7","Oligodendrocytes","0","black",341,"SP110",0.519,73
"T7","Oligodendrocytes","0","black",341,"TENM4",0.518,73
"T7","Oligodendrocytes","0","black",341,"PPP2R1A",0.518,73
"T7","Oligodendrocytes","0","black",341,"PTPRA",0.516,73
"T7","Oligodendrocytes","0","black",341,"SIDT2",0.515,72
"T7","Oligodendrocytes","0","black",341,"FAHD2A",0.511,72
"T7","Oligodendrocytes","0","black",341,"SCAMP4",0.51,71
"T7","Oligodendrocytes","0","black",341,"CYBC1",0.51,72
"T7","Oligodendrocytes","0","black",341,"ADI1",0.507,71
"T7","Oligodendrocytes","0","black",341,"TMED4",0.502,70
"T7","Oligodendrocytes","0","black",341,"LINC00240",0.502,71
"T7","Oligodendrocytes","0","black",341,"MED29",0.501,70
"T7","Oligodendrocytes","0","black",341,"MRPL33",0.496,70
"T7","Oligodendrocytes","0","black",341,"ABCC1",0.494,70
"T7","Oligodendrocytes","0","black",341,"TBC1D10B",0.49,69
"T7","Oligodendrocytes","0","black",341,"GPS1",0.49,69
"T7","Oligodendrocytes","0","black",341,"ECI2",0.488,69
"T7","Oligodendrocytes","0","black",341,"ARHGEF1",0.483,68
"T7","Oligodendrocytes","0","black",341,"LIPA",0.475,68
"T7","Oligodendrocytes","0","black",341,"FSCN1",0.475,68
"T7","Oligodendrocytes","0","black",341,"EHMT2",0.475,68
"T7","Oligodendrocytes","0","black",341,"PATJ",0.469,67
"T7","Oligodendrocytes","0","black",341,"PDE6B",0.467,67
"T7","Oligodendrocytes","0","black",341,"GDI1",0.464,66
"T7","Oligodendrocytes","0","black",341,"LAYN",0.464,67
"T7","Oligodendrocytes","0","black",341,"HCN2",0.462,66
"T7","Oligodendrocytes","0","black",341,"CSNK1E",0.462,66
"T7","Oligodendrocytes","0","black",341,"RPS6KL1",0.461,65
"T7","Oligodendrocytes","0","black",341,"USP11",0.456,65
"T7","Oligodendrocytes","0","black",341,"TMEM235",0.455,65
"T7","Oligodendrocytes","0","black",341,"COQ4",0.454,64
"T7","Oligodendrocytes","0","black",341,"SLC25A29",0.454,65
"T7","Oligodendrocytes","0","black",341,"WBP2",0.444,64
"T7","Oligodendrocytes","0","black",341,"PMP22",0.442,64
"T7","Oligodendrocytes","0","black",341,"TMEM63A",0.441,63
"T7","Oligodendrocytes","0","black",341,"AL117339.5",0.438,63
"T7","Oligodendrocytes","0","black",341,"CNTN2",0.438,63
"T7","Oligodendrocytes","0","black",341,"DCTN2",0.437,63
"T7","Oligodendrocytes","0","black",341,"TDG",0.435,62
"T7","Oligodendrocytes","0","black",341,"ACSBG1",0.434,61
"T7","Oligodendrocytes","0","black",341,"TMEM9B",0.434,62
"T7","Oligodendrocytes","0","black",341,"IAH1",0.434,62
"T7","Oligodendrocytes","0","black",341,"APC2",0.433,61
"T7","Oligodendrocytes","0","black",341,"HMGXB3",0.432,61
"T7","Oligodendrocytes","0","black",341,"TMEM178A",0.43,60
"T7","Oligodendrocytes","0","black",341,"GAL3ST1",0.429,60
"T7","Oligodendrocytes","0","black",341,"TBCA",0.428,60
"T7","Oligodendrocytes","0","black",341,"GNA11",0.428,60
"T7","Oligodendrocytes","0","black",341,"SUMF2",0.425,59
"T7","Oligodendrocytes","0","black",341,"RPL4",0.423,59
"T7","Oligodendrocytes","0","black",341,"SCRN3",0.422,59
"T7","Oligodendrocytes","0","black",341,"INTS1",0.421,58
"T7","Oligodendrocytes","0","black",341,"HNRNPA1",0.42,58
"T7","Oligodendrocytes","0","black",341,"NDST1",0.419,58
"T7","Oligodendrocytes","0","black",341,"SYT11",0.416,58
"T7","Oligodendrocytes","0","black",341,"FAM174B",0.409,57
"T7","Oligodendrocytes","0","black",341,"NDFIP1",0.408,57
"T7","Oligodendrocytes","0","black",341,"SMPD1",0.405,57
"T7","Oligodendrocytes","0","black",341,"CDR2L",0.403,56
"T7","Oligodendrocytes","0","black",341,"ZRANB2",0.402,56
"T7","Oligodendrocytes","0","black",341,"RAB1B",0.399,55
"T7","Oligodendrocytes","0","black",341,"DUT",0.399,56
"T7","Oligodendrocytes","0","black",341,"TOX4",0.397,55
"T7","Oligodendrocytes","0","black",341,"RHOB",0.396,55
"T7","Oligodendrocytes","0","black",341,"DDX50",0.396,55
"T7","Oligodendrocytes","0","black",341,"MMAB",0.394,54
"T7","Oligodendrocytes","0","black",341,"NISCH",0.389,54
"T7","Oligodendrocytes","0","black",341,"GNPTG",0.383,54
"T7","Oligodendrocytes","0","black",341,"GOLGA8A",0.38,53
"T7","Oligodendrocytes","0","black",341,"NMRK1",0.378,53
"T7","Oligodendrocytes","0","black",341,"AC105052.3",0.377,53
"T7","Oligodendrocytes","0","black",341,"HEATR6",0.376,52
"T7","Oligodendrocytes","0","black",341,"MYRF",0.376,53
"T7","Oligodendrocytes","0","black",341,"KIAA2013",0.374,52
"T7","Oligodendrocytes","0","black",341,"FAM227B",0.372,51
"T7","Oligodendrocytes","0","black",341,"STEAP1B",0.372,52
"T7","Oligodendrocytes","0","black",341,"STAT3",0.367,50
"T7","Oligodendrocytes","0","black",341,"SLC20A1",0.367,50
"T7","Oligodendrocytes","0","black",341,"XPA",0.367,51
"T7","Oligodendrocytes","0","black",341,"AC104986.2",0.367,51
"T7","Oligodendrocytes","0","black",341,"NAGK",0.364,50
"T7","Oligodendrocytes","0","black",341,"AP1M1",0.362,50
"T7","Oligodendrocytes","0","black",341,"SOX8",0.36,49
"T7","Oligodendrocytes","0","black",341,"PRKAG1",0.36,49
"T7","Oligodendrocytes","0","black",341,"PKN1",0.359,49
"T7","Oligodendrocytes","0","black",341,"SRRM1",0.358,48
"T7","Oligodendrocytes","0","black",341,"CD82",0.353,48
"T7","Oligodendrocytes","0","black",341,"NFIC",0.353,48
"T7","Oligodendrocytes","0","black",341,"MAP3K11",0.353,48
"T7","Oligodendrocytes","0","black",341,"AIMP1",0.352,47
"T7","Oligodendrocytes","0","black",341,"PLCH2",0.351,47
"T7","Oligodendrocytes","0","black",341,"REEP3",0.349,47
"T7","Oligodendrocytes","0","black",341,"SAMD8",0.347,46
"T7","Oligodendrocytes","0","black",341,"MYO10",0.343,46
"T7","Oligodendrocytes","0","black",341,"LRRC4B",0.34,46
"T7","Oligodendrocytes","0","black",341,"DACT3",0.339,45
"T7","Oligodendrocytes","0","black",341,"AP1S2",0.338,45
"T7","Oligodendrocytes","0","black",341,"NLGN3",0.337,45
"T7","Oligodendrocytes","0","black",341,"STARD3",0.336,45
"T7","Oligodendrocytes","0","black",341,"DDB1",0.335,44
"T7","Oligodendrocytes","0","black",341,"PSMD14",0.333,44
"T7","Oligodendrocytes","0","black",341,"PPP2R5B",0.331,44
"T7","Oligodendrocytes","0","black",341,"NBEAL1",0.33,43
"T7","Oligodendrocytes","0","black",341,"RCAN3",0.329,43
"T7","Oligodendrocytes","0","black",341,"LMNA",0.329,43
"T7","Oligodendrocytes","0","black",341,"ZMYM4",0.328,42
"T7","Oligodendrocytes","0","black",341,"ERMARD",0.328,42
"T7","Oligodendrocytes","0","black",341,"WDR43",0.328,43
"T7","Oligodendrocytes","0","black",341,"PDIA3",0.325,42
"T7","Oligodendrocytes","0","black",341,"NUDCD3",0.324,41
"T7","Oligodendrocytes","0","black",341,"C5orf15",0.324,41
"T7","Oligodendrocytes","0","black",341,"PIAS4",0.324,41
"T7","Oligodendrocytes","0","black",341,"RBCK1",0.323,40
"T7","Oligodendrocytes","0","black",341,"PWP1",0.322,40
"T7","Oligodendrocytes","0","black",341,"EIF1AX",0.321,40
"T7","Oligodendrocytes","0","black",341,"PEX6",0.321,40
"T7","Oligodendrocytes","0","black",341,"HID1",0.32,39
"T7","Oligodendrocytes","0","black",341,"SBF1",0.319,39
"T7","Oligodendrocytes","0","black",341,"RMDN3",0.315,38
"T7","Oligodendrocytes","0","black",341,"SH3TC2",0.315,39
"T7","Oligodendrocytes","0","black",341,"PRKACA",0.314,38
"T7","Oligodendrocytes","0","black",341,"MAPK6",0.314,38
"T7","Oligodendrocytes","0","black",341,"NAPA",0.312,37
"T7","Oligodendrocytes","0","black",341,"DHX30",0.312,38
"T7","Oligodendrocytes","0","black",341,"SUSD6",0.309,37
"T7","Oligodendrocytes","0","black",341,"EIF3M",0.308,37
"T7","Oligodendrocytes","0","black",341,"DBNL",0.306,36
"T7","Oligodendrocytes","0","black",341,"LITAF",0.306,36
"T7","Oligodendrocytes","0","black",341,"CDH13",0.305,36
"T7","Oligodendrocytes","0","black",341,"CRLS1",0.304,35
"T7","Oligodendrocytes","0","black",341,"INO80D",0.304,35
"T7","Oligodendrocytes","0","black",341,"RAB5B",0.303,35
"T7","Oligodendrocytes","0","black",341,"CLDND1",0.302,35
"T7","Oligodendrocytes","0","black",341,"USP16",0.3,34
"T7","Oligodendrocytes","0","black",341,"ERBB3",0.299,34
"T7","Oligodendrocytes","0","black",341,"ANGPTL2",0.299,34
"T7","Oligodendrocytes","0","black",341,"GTF2IRD2",0.296,33
"T7","Oligodendrocytes","0","black",341,"STRADB",0.295,33
"T7","Oligodendrocytes","0","black",341,"ANKS3",0.295,33
"T7","Oligodendrocytes","0","black",341,"CAMSAP1",0.292,33
"T7","Oligodendrocytes","0","black",341,"TMEM175",0.289,32
"T7","Oligodendrocytes","0","black",341,"MRPS18B",0.289,32
"T7","Oligodendrocytes","0","black",341,"SEC24C",0.288,32
"T7","Oligodendrocytes","0","black",341,"SCPEP1",0.287,31
"T7","Oligodendrocytes","0","black",341,"ARHGEF2",0.287,31
"T7","Oligodendrocytes","0","black",341,"BCL7C",0.285,31
"T7","Oligodendrocytes","0","black",341,"SIL1",0.284,30
"T7","Oligodendrocytes","0","black",341,"BRI3BP",0.282,30
"T7","Oligodendrocytes","0","black",341,"RBM10",0.282,30
"T7","Oligodendrocytes","0","black",341,"PHC2",0.278,30
"T7","Oligodendrocytes","0","black",341,"EIF4G1",0.274,29
"T7","Oligodendrocytes","0","black",341,"TRMU",0.271,29
"T7","Oligodendrocytes","0","black",341,"CDC123",0.269,28
"T7","Oligodendrocytes","0","black",341,"C1orf198",0.269,29
"T7","Oligodendrocytes","0","black",341,"ATF6B",0.268,28
"T7","Oligodendrocytes","0","black",341,"SIN3B",0.266,28
"T7","Oligodendrocytes","0","black",341,"JUP",0.265,28
"T7","Oligodendrocytes","0","black",341,"SWAP70",0.264,27
"T7","Oligodendrocytes","0","black",341,"QRSL1",0.262,27
"T7","Oligodendrocytes","0","black",341,"CNIH1",0.262,27
"T7","Oligodendrocytes","0","black",341,"C12orf4",0.258,26
"T7","Oligodendrocytes","0","black",341,"HPF1",0.258,26
"T7","Oligodendrocytes","0","black",341,"KHSRP",0.258,26
"T7","Oligodendrocytes","0","black",341,"PSMG2",0.257,25
"T7","Oligodendrocytes","0","black",341,"HGS",0.257,25
"T7","Oligodendrocytes","0","black",341,"PRRC2A",0.257,25
"T7","Oligodendrocytes","0","black",341,"PIK3IP1",0.256,24
"T7","Oligodendrocytes","0","black",341,"ZSCAN5A",0.256,25
"T7","Oligodendrocytes","0","black",341,"CDK5RAP3",0.254,24
"T7","Oligodendrocytes","0","black",341,"UBN1",0.253,23
"T7","Oligodendrocytes","0","black",341,"FAM229B",0.253,24
"T7","Oligodendrocytes","0","black",341,"HUS1",0.25,23
"T7","Oligodendrocytes","0","black",341,"SFXN4",0.248,23
"T7","Oligodendrocytes","0","black",341,"ATG3",0.24,23
"T7","Oligodendrocytes","0","black",341,"CRY2",0.238,22
"T7","Oligodendrocytes","0","black",341,"ARFGAP2",0.237,22
"T7","Oligodendrocytes","0","black",341,"HEATR1",0.236,22
"T7","Oligodendrocytes","0","black",341,"BTBD2",0.234,21
"T7","Oligodendrocytes","0","black",341,"PHF11",0.234,21
"T7","Oligodendrocytes","0","black",341,"MZF1",0.233,21
"T7","Oligodendrocytes","0","black",341,"ICK",0.232,20
"T7","Oligodendrocytes","0","black",341,"AL392086.1",0.231,20
"T7","Oligodendrocytes","0","black",341,"EXOG",0.229,20
"T7","Oligodendrocytes","0","black",341,"SSR3",0.229,20
"T7","Oligodendrocytes","0","black",341,"AVEN",0.219,19
"T7","Oligodendrocytes","0","black",341,"ANKLE2",0.216,19
"T7","Oligodendrocytes","0","black",341,"ZNF493",0.214,19
"T7","Oligodendrocytes","0","black",341,"SYMPK",0.209,18
"T7","Oligodendrocytes","0","black",341,"SPNS2",0.208,18
"T7","Oligodendrocytes","0","black",341,"ALG5",0.208,18
"T7","Oligodendrocytes","0","black",341,"BRAP",0.205,17
"T7","Oligodendrocytes","0","black",341,"RNF8",0.205,18
"T7","Oligodendrocytes","0","black",341,"SMIM19",0.202,17
"T7","Oligodendrocytes","0","black",341,"MGRN1",0.202,17
"T7","Oligodendrocytes","0","black",341,"SPG21",0.201,16
"T7","Oligodendrocytes","0","black",341,"DHX8",0.201,16
"T7","Oligodendrocytes","0","black",341,"SNRNP40",0.199,15
"T7","Oligodendrocytes","0","black",341,"FBH1",0.199,16
"T7","Oligodendrocytes","0","black",341,"ZNF488",0.197,15
"T7","Oligodendrocytes","0","black",341,"PSMC2",0.195,15
"T7","Oligodendrocytes","0","black",341,"BTF3L4",0.192,15
"T7","Oligodendrocytes","0","black",341,"LONP1",0.191,14
"T7","Oligodendrocytes","0","black",341,"EDRF1",0.19,14
"T7","Oligodendrocytes","0","black",341,"CIR1",0.187,14
"T7","Oligodendrocytes","0","black",341,"RNF146",0.186,13
"T7","Oligodendrocytes","0","black",341,"AK2",0.184,13
"T7","Oligodendrocytes","0","black",341,"ABCA5",0.184,13
"T7","Oligodendrocytes","0","black",341,"CDC42",0.182,13
"T7","Oligodendrocytes","0","black",341,"CREM",0.181,12
"T7","Oligodendrocytes","0","black",341,"HMGCL",0.177,12
"T7","Oligodendrocytes","0","black",341,"TRIM27",0.174,11
"T7","Oligodendrocytes","0","black",341,"AMFR",0.174,11
"T7","Oligodendrocytes","0","black",341,"UPF1",0.174,12
"T7","Oligodendrocytes","0","black",341,"LRRC41",0.172,10
"T7","Oligodendrocytes","0","black",341,"PSMF1",0.172,10
"T7","Oligodendrocytes","0","black",341,"PC",0.172,11
"T7","Oligodendrocytes","0","black",341,"C16orf70",0.169,10
"T7","Oligodendrocytes","0","black",341,"TPP1",0.169,10
"T7","Oligodendrocytes","0","black",341,"AC069228.1",0.167,9
"T7","Oligodendrocytes","0","black",341,"VPS4B",0.16,9
"T7","Oligodendrocytes","0","black",341,"PDCL",0.155,9
"T7","Oligodendrocytes","0","black",341,"MAPKAPK2",0.153,8
"T7","Oligodendrocytes","0","black",341,"LUC7L",0.152,8
"T7","Oligodendrocytes","0","black",341,"EIF4ENIF1",0.152,8
"T7","Oligodendrocytes","0","black",341,"SMARCB1",0.151,8
"T7","Oligodendrocytes","0","black",341,"RPN2",0.149,7
"T7","Oligodendrocytes","0","black",341,"ZDHHC11",0.146,7
"T7","Oligodendrocytes","0","black",341,"CRNDE",0.144,7
"T7","Oligodendrocytes","0","black",341,"BCCIP",0.138,6
"T7","Oligodendrocytes","0","black",341,"GLO1",0.137,6
"T7","Oligodendrocytes","0","black",341,"THBS4",0.136,6
"T7","Oligodendrocytes","0","black",341,"NUS1",0.134,5
"T7","Oligodendrocytes","0","black",341,"GANAB",0.129,5
"T7","Oligodendrocytes","0","black",341,"ACBD5",0.126,5
"T7","Oligodendrocytes","0","black",341,"TM2D1",0.122,4
"T7","Oligodendrocytes","0","black",341,"BRD1",0.122,5
"T7","Oligodendrocytes","0","black",341,"APPL1",0.118,4
"T7","Oligodendrocytes","0","black",341,"PDPR",0.113,4
"T7","Oligodendrocytes","0","black",341,"DNAJC17",0.106,3
"T7","Oligodendrocytes","0","black",341,"ACO1",0.103,3
"T7","Oligodendrocytes","0","black",341,"ZDHHC11B",0.096,3
"T7","Oligodendrocytes","0","black",341,"DDX1",0.095,3
"T7","Oligodendrocytes","0","black",341,"RRP1B",0.093,2
"T7","Oligodendrocytes","0","black",341,"RNF185",0.088,2
"T7","Oligodendrocytes","0","black",341,"PTPRS",0.085,2
"T7","Oligodendrocytes","0","black",341,"MTRR",0.065,1
"T7","Oligodendrocytes","0","black",341,"SEC22C",0.064,1
"T7","Oligodendrocytes","0","black",341,"GTF2H3",0.058,1
"T7","Oligodendrocytes","0","black",341,"EIF2AK1",0.057,0
